-,-,-
27, 81, 930
27, 81, 930
41, 106, 961
49, 69, 944
49, 69, 944
42, 57, 948
33, 35, 984
33, 35, 984
43, 64, 939
40, 94, 916
33, 130, 923
33, 130, 923
-16, 131, 1171
-5, 128, 1580
52, 103, 1912
52, 103, 1912
126, -99, 1998
137, -329, 1998
65, -432, 1879
-98, -310, 1658
-171, -153, 1358
-106, -21, 1047
85, 48, 758
85, 48, 758
207, 143, 499
-,-,-
96, -88, 898
88, -73, 923
120, -83, 963
130, -121, 1021
143, -97, 1094
143, -97, 1094
187, -151, 1346
175, -252, 1746
86, -301, 1990
5, -249, 1998
35, -291, 1891
28, -334, 1696
28, -334, 1696
-39, -313, 1524
-18, -228, 1274
42, -104, 905
109, -28, 696
167, -18, 555
172, 61, 486
172, 61, 486
211, 120, 289
-,-,-
100, -142, 1106
100, -112, 989
100, -112, 989
122, -105, 921
127, -139, 978
139, -174, 971
133, -139, 1035
119, -101, 1230
175, -130, 1490
224, -225, 1891
219, -457, 1998
219, -457, 1998
191, -594, 1998
147, -530, 1957
74, -485, 1617
-38, -342, 1324
-30, -179, 1040
86, -48, 713
197, -16, 396
197, -16, 396
209, 35, 211
182, 167, 145
237, 313, -22
261, 353, -3
261, 353, -3
225, 243, 149
241, 113, 276
239, 89, 554
239, 89, 554
300, 160, 551
346, 123, 605
373, -80, 846
380, -14, 960
380, -14, 960
403, 67, 885
-,-,-
131, -252, 945
107, -171, 970
128, -139, 878
148, -175, 834
126, -213, 921
94, -195, 1074
94, -195, 1074
186, -171, 1267
417, -181, 1819
345, -496, 1998
166, -753, 1998
-30, -685, 1995
-178, -534, 1712
-281, -375, 1386
-219, -211, 1026
-86, -158, 523
11, 13, 134
11, 13, 134
94, 172, 8
199, 260, -57
199, 260, -57
356, 216, -52
441, 86, 41
403, 178, 179
362, 229, 278
362, 229, 278
311, 247, 442
278, 129, 621
272, 27, 769
250, 53, 909
250, 53, 909
299, 135, 836
305, 123, 851
-,-,-
102, -183, 943
96, -157, 903
90, -136, 860
98, -151, 917
111, -213, 995
79, -212, 1072
79, -212, 1072
40, -138, 1130
89, -186, 1295
166, -246, 1728
163, -326, 1998
123, -552, 1998
-2, -681, 1998
-72, -711, 1974
-72, -711, 1974
-154, -568, 1698
-85, -423, 1215
40, -261, 624
85, -105, 149
35, 113, -55
70, 366, -207
70, 366, -207
119, 381, -211
84, 363, -6
137, 239, 171
234, 57, 410
234, 57, 410
280, -36, 638
-,-,-
34, -222, 960
41, -215, 927
47, -216, 928
40, -175, 924
19, -176, 948
19, -176, 948
-23, -231, 1089
15, -300, 1167
116, -199, 1568
7, -260, 1994
-140, -272, 1998
-164, -368, 1998
-180, -543, 1994
-326, -530, 1817
-458, -505, 1493
-336, -326, 824
-336, -326, 824
-101, -51, 121
47, 90, -323
26, 222, -241
95, 121, -173
196, -25, -75
196, -25, -75
-,-,-
36, -121, 1008
70, -148, 902
107, -142, 844
96, -124, 951
102, -175, 1051
102, -175, 1051
126, -186, 1071
106, -181, 1235
89, -139, 1428
132, -65, 1571
189, -107, 1780
177, -214, 1989
89, -296, 1998
79, -321, 1998
79, -321, 1998
51, -393, 1878
-16, -412, 1499
-141, -272, 1197
-204, -139, 923
-159, -94, 616
-42, -23, 306
44, 35, 165
-,-,-
54, -123, 960
50, -103, 915
62, -204, 901
62, -204, 901
86, -238, 918
72, -155, 991
61, -126, 1164
133, -95, 1464
225, -55, 1785
225, -55, 1785
176, -220, 1998
76, -414, 1998
43, -581, 1998
4, -534, 1892
-99, -406, 1444
-175, -261, 1146
-160, -201, 814
-78, -86, 452
-78, -86, 452
-3, 49, 207
85, 101, 49
198, 81, -1
198, 81, -1
227, 94, 95
245, 115, 156
245, 115, 156
255, 114, 276
259, 32, 416
273, 45, 472
280, 66, 540
280, 66, 540
268, 50, 694
259, 0, 844
259, 0, 844
317, -40, 797
-,-,-
20, -122, 976
-4, -136, 964
-4, -136, 964
43, -113, 867
60, -100, 903
25, -124, 1037
13, -134, 1129
38, -121, 1150
38, -121, 1150
93, -80, 1231
109, -110, 1501
75, -162, 1780
47, -204, 1959
50, -289, 1995
66, -317, 1963
66, -317, 1963
70, -290, 1865
61, -336, 1733
13, -375, 1548
-24, -253, 1213
-7, -135, 880
33, -110, 601
33, -110, 601
45, -13, 365
90, 52, 111
181, 110, -86
181, 110, -86
-,-,-
125, -144, 1259
114, -109, 1167
151, -203, 1043
153, -197, 974
118, -147, 954
92, -130, 930
92, -130, 930
110, -106, 906
122, -117, 908
119, -154, 976
80, -159, 1101
96, -136, 1072
96, -136, 1072
119, -151, 1053
167, -176, 1211
257, -233, 1554
303, -215, 1933
344, -348, 1998
366, -491, 1998
244, -543, 1998
81, -503, 1890
-63, -331, 1582
-63, -331, 1582
-86, -234, 1300
-54, -241, 918
-18, -200, 534
-13, -20, 292
64, 90, 94
64, 90, 94
71, 142, 25
104, 265, -152
194, 270, -226
213, 184, 8
213, 184, 8
227, 141, 217
-,-,-
252, -178, 1348
220, -205, 1257
218, -194, 1177
191, -166, 1168
202, -135, 1000
176, -129, 960
113, -139, 1076
149, -158, 1123
239, -153, 1166
239, -153, 1166
267, -158, 1402
279, -217, 1636
285, -245, 1803
250, -321, 1836
231, -333, 1624
193, -301, 1494
197, -234, 1379
202, -227, 1256
201, -207, 1184
194, -166, 1133
194, -166, 1133
214, -197, 1012
224, -198, 877
132, -124, 772
109, -25, 559
149, 46, 335
143, 19, 175
143, 19, 175
81, 85, 185
75, 246, 143
105, 212, 250
105, 212, 250
140, 155, 400
-,-,-
215, -250, 1197
219, -165, 1104
254, -126, 1002
234, -191, 1032
158, -216, 1134
136, -219, 1169
183, -199, 1068
240, -233, 1140
235, -224, 1441
268, -210, 1649
355, -192, 1767
355, -192, 1767
387, -285, 1912
300, -420, 1998
288, -389, 1991
318, -395, 1745
233, -409, 1374
64, -315, 1131
-83, -256, 868
-100, -98, 593
-100, -98, 593
21, 52, 283
139, 63, 203
188, 23, 286
184, 42, 189
-,-,-
51, -122, 1199
51, -122, 1199
114, -77, 1122
184, -231, 1116
239, -264, 1221
171, -245, 1438
189, -204, 1413
318, -214, 1394
348, -342, 1640
277, -355, 1794
238, -211, 1741
238, -211, 1741
263, -157, 1632
300, -191, 1577
257, -225, 1624
243, -281, 1513
212, -253, 1372
169, -195, 1112
96, -172, 894
50, -142, 732
50, -142, 732
80, -129, 524
103, -84, 322
112, -25, 231
118, 28, 191
-,-,-
146, -283, 1241
114, -246, 1293
139, -217, 1274
139, -217, 1274
138, -254, 1225
68, -276, 1295
81, -413, 1258
109, -293, 1217
84, -192, 1230
75, -199, 1243
112, -204, 1286
108, -228, 1430
108, -228, 1430
35, -270, 1661
-53, -250, 1908
-22, -351, 1871
-11, -456, 1751
-17, -391, 1495
-28, -292, 1196
-66, -202, 1023
-58, -116, 840
55, -83, 552
55, -83, 552
162, -34, 343
164, 59, 278
165, 183, 102
165, 183, 102
-,-,-
-43, -102, 1183
-7, -121, 1158
18, -206, 1216
18, -206, 1216
-42, -209, 1377
-110, -150, 1402
-62, -91, 1337
-61, -122, 1539
-73, -165, 1743
-36, -126, 1759
-15, -131, 1759
-6, -131, 1770
-4, -155, 1679
-4, -155, 1679
1, -182, 1488
-105, -85, 1433
-138, -34, 1270
-99, -125, 1121
-58, -212, 1029
-55, -168, 882
-39, -28, 620
-39, -28, 620
32, 25, 408
125, 38, 305
160, 25, 241
160, 25, 241
145, 92, 188
144, 157, 270
158, 138, 346
-,-,-
19, -161, 1306
-21, -110, 1419
5, -81, 1301
5, -81, 1301
16, -84, 1269
6, -60, 1347
67, -27, 1388
67, -27, 1388
97, -39, 1502
77, -83, 1577
68, -53, 1582
74, -26, 1578
74, -26, 1578
58, -81, 1651
18, -109, 1653
-5, -115, 1492
6, -112, 1344
43, -134, 1220
43, -134, 1220
69, -144, 1080
69, -127, 900
77, -95, 719
54, -2, 635
54, -2, 635
74, 100, 370
-,-,-
138, -96, 1240
148, -114, 1207
76, -101, 1448
52, -113, 1541
122, -127, 1459
196, -154, 1445
165, -155, 1524
165, -155, 1524
87, -169, 1630
68, -144, 1550
144, -64, 1330
158, -63, 1285
120, -70, 1325
77, -78, 1362
77, -78, 1362
92, -43, 1297
180, -41, 1162
212, -141, 1158
167, -174, 1175
114, -81, 1149
137, -68, 1026
137, -68, 1026
155, -58, 824
141, 24, 637
113, 97, 541
135, 74, 447
-,-,-
66, -188, 1403
72, -150, 1417
104, -217, 1286
104, -217, 1286
122, -226, 1293
145, -251, 1364
107, -207, 1515
127, -141, 1581
173, -183, 1691
209, -299, 1702
171, -309, 1750
142, -250, 1772
173, -201, 1560
183, -191, 1340
128, -191, 1274
128, -191, 1274
73, -233, 1160
34, -90, 1007
47, 0, 794
75, 39, 591
75, 39, 591
79, 73, 511
107, 52, 508
107, 52, 508
149, 107, 460
180, 199, 360
215, 241, 359
255, 159, 398
255, 159, 398
258, 95, 492
253, 145, 586
296, 207, 493
332, 213, 558
332, 213, 558
-,-,-
186, -158, 1102
150, -104, 1101
122, -79, 1228
122, -79, 1228
140, -123, 1277
198, -84, 1234
278, -50, 1347
343, -74, 1596
378, -123, 1879
388, -181, 1971
408, -185, 1911
352, -281, 1810
352, -281, 1810
199, -277, 1703
104, -173, 1385
106, -54, 1001
105, -16, 879
79, -64, 760
44, -43, 595
44, -43, 595
0, 35, 433
-19, 94, 333
-2, 130, 250
-2, 130, 250
32, 121, 243
85, 119, 348
137, 173, 462
137, 173, 462
196, 203, 491
290, 141, 489
325, 65, 664
-,-,-
180, -129, 1430
251, -44, 1447
313, -82, 1485
314, -109, 1669
326, -117, 1676
348, -116, 1689
348, -116, 1689
345, -210, 1714
298, -226, 1676
234, -183, 1477
207, -70, 1240
218, -12, 1124
203, -146, 1111
143, -157, 1036
61, -87, 867
61, -87, 867
7, 14, 699
-11, 102, 565
-2, 101, 558
-2, 101, 558
48, 39, 584
85, -22, 580
96, 79, 542
96, 79, 542
144, 195, 444
210, 251, 416
257, 235, 468
257, 235, 468
308, 128, 546
-,-,-
175, -70, 1101
143, -109, 1071
89, -134, 1221
82, -104, 1353
178, -131, 1225
190, -165, 1269
134, -217, 1364
134, -217, 1364
102, -218, 1366
128, -141, 1390
210, -127, 1404
241, -88, 1465
230, -75, 1703
283, -159, 1882
309, -211, 1873
170, -201, 1745
82, -116, 1397
82, -116, 1397
18, -60, 1211
2, -116, 1093
43, -86, 847
129, -11, 602
129, -11, 602
117, -1, 533
26, -9, 521
-32, 74, 396
-32, 74, 396
-6, 109, 184
57, 131, 147
156, 215, 228
156, 215, 228
250, 220, 301
-,-,-
94, -135, 1127
76, -97, 1247
87, -99, 1189
51, -125, 1156
63, -163, 1120
92, -140, 1043
92, -140, 1043
86, -63, 1029
77, -54, 1112
80, -100, 1217
103, -93, 1247
145, -13, 1296
145, -13, 1296
180, 3, 1437
198, -65, 1595
221, -69, 1670
211, 16, 1699
216, 31, 1596
216, 31, 1596
225, -76, 1438
147, -128, 1449
83, -158, 1391
85, -113, 1171
128, -96, 990
128, -96, 990
116, -138, 922
83, -130, 694
46, -24, 451
56, 119, 288
56, 119, 288
66, 172, 53
55, 251, 111
87, 191, 293
87, 191, 293
179, 109, 344
242, 178, 404
319, 123, 532
-,-,-
19, -110, 1056
109, -44, 918
69, -110, 1052
8, -177, 1237
8, -177, 1237
15, -166, 1147
83, -92, 903
83, -56, 998
48, -96, 1178
48, -96, 1178
71, -115, 1231
143, -53, 1268
253, -27, 1357
311, -170, 1606
264, -262, 1888
181, -212, 1976
181, -212, 1976
112, -215, 1817
47, -212, 1581
3, -146, 1490
7, -37, 1328
84, 8, 1020
84, 8, 1020
153, -30, 852
126, -25, 885
58, -38, 788
58, -38, 788
2, -28, 605
-3, 54, 385
16, 166, 245
16, 166, 245
37, 212, 262
83, 193, 218
159, 182, 261
159, 182, 261
244, 157, 357
316, 114, 394
369, 94, 386
-,-,-
108, -46, 1170
174, -48, 1060
220, -75, 1008
220, -75, 1008
211, -98, 1039
224, -125, 994
190, -98, 1084
184, -58, 1208
259, 3, 1305
259, 3, 1305
377, 21, 1486
397, -84, 1839
402, -221, 1974
329, -329, 1970
194, -326, 1843
74, -225, 1597
74, -225, 1597
70, -102, 1352
81, -97, 1173
26, -115, 1071
-21, -100, 864
1, -47, 547
1, -47, 547
7, 87, 272
15, 228, 138
15, 228, 138
43, 290, 91
98, 206, 144
197, 161, 200
197, 161, 200
243, 183, 403
294, 130, 519
325, 102, 592
334, 91, 678
334, 91, 678
322, 74, 795
297, 99, 842
282, 139, 835
266, 81, 860
-,-,-
-117, -16, 1073
-85, -22, 998
-21, -4, 907
-37, 55, 981
-37, 55, 981
-69, 12, 1039
-78, -108, 1044
-122, 4, 1213
-83, 151, 1359
-13, 234, 1575
-13, 234, 1575
-27, 94, 1846
-129, -126, 1993
-198, -98, 1929
-217, 54, 1773
-220, 134, 1639
-207, 190, 1551
-17, 121, 1224
-17, 121, 1224
39, -20, 985
-112, 35, 681
-320, 182, 508
-396, 192, 553
-300, 60, 535
-300, 60, 535
-129, -52, 420
-5, 145, 363
158, 383, 254
352, 304, 76
352, 304, 76
339, 208, 260
248, 238, 442
204, 299, 482
209, 323, 522
209, 323, 522
229, 276, 650
178, 268, 810
141, 294, 806
142, 228, 849
142, 228, 849
133, 176, 917
-,-,-
13, -205, 951
-11, -149, 996
-11, -149, 996
-20, -87, 1029
-14, -71, 1036
-18, -89, 1122
15, -58, 1382
116, 83, 1667
116, 83, 1667
179, 8, 1948
149, -152, 1998
21, -259, 1998
-47, -272, 1998
-58, -250, 1756
-112, -215, 1505
-147, -210, 1213
-159, -153, 964
-159, -153, 964
-87, -109, 737
44, -95, 452
88, 44, 255
64, 110, 236
64, 110, 236
105, 150, 110
164, 218, -60
161, 299, 0
161, 299, 0
138, 375, 140
-,-,-
71, -113, 1113
107, -101, 935
155, -73, 825
126, -102, 1174
97, -104, 1613
168, 6, 1756
168, 6, 1756
241, -62, 1812
172, -284, 1936
39, -352, 1947
-27, -226, 1743
34, -146, 1433
92, -142, 1242
92, -142, 1242
86, -160, 1143
20, -151, 1071
-53, -98, 923
-41, -53, 710
10, -21, 539
10, -21, 539
32, 46, 399
69, 143, 226
117, 148, 145
117, 148, 145
158, 153, 199
204, 202, 300
266, 219, 325
306, 210, 412
306, 210, 412
271, 155, 653
225, 100, 748
-,-,-
42, -96, 978
66, -48, 960
83, -68, 939
83, -68, 939
100, -119, 955
94, -150, 1008
61, -140, 1088
43, -124, 1111
43, -124, 1111
44, -74, 1143
108, -45, 1179
142, 20, 1489
190, 42, 1865
317, -84, 1998
317, -84, 1998
352, -324, 1998
123, -343, 1998
-53, -255, 1984
-55, -289, 1673
-54, -271, 1259
-108, -246, 959
-107, -182, 734
-106, -76, 554
-49, 13, 277
-49, 13, 277
62, 71, 51
159, 142, -68
189, 151, -82
189, 151, -82
-,-,-
55, -164, 1014
94, -100, 890
94, -76, 870
42, -91, 959
42, -91, 959
19, -150, 999
37, -121, 1088
87, 20, 1341
173, 53, 1568
173, 53, 1568
217, -2, 1839
232, -89, 1997
230, -205, 1998
182, -296, 1998
77, -296, 1922
-49, -227, 1587
-49, -227, 1587
-70, -81, 1087
-45, 56, 736
-21, 92, 654
0, 108, 510
0, 108, 510
77, 144, 210
163, 225, 156
200, 109, 261
223, 12, 342
223, 12, 342
218, -18, 324
156, 59, 393
181, 164, 473
181, 164, 473
266, 48, 490
-,-,-
66, -114, 967
66, -114, 967
1, -90, 1058
-16, -40, 1058
45, -62, 954
44, -57, 1020
44, -57, 1020
22, -44, 1128
6, -88, 1185
9, -57, 1128
9, -31, 1062
9, -31, 1062
-12, -38, 1051
-21, -5, 1056
-12, 19, 1259
13, -7, 1557
13, -7, 1557
15, -53, 1751
45, -73, 1779
7, -63, 1918
7, -63, 1918
-93, -115, 1993
-106, -132, 1837
-122, -161, 1552
-88, -140, 1145
-7, 4, 812
78, 8, 509
78, 8, 509
81, -55, 313
60, 116, 52
60, 116, 52
61, 272, -167
57, 176, -12
39, 130, 237
39, 130, 237
101, 100, 427
192, 141, 522
270, 159, 516
270, 159, 516
247, 131, 677
186, 93, 884
-,-,-
-29, -40, 1004
-10, 14, 1137
65, -20, 1255
30, 16, 1563
30, 16, 1563
40, -35, 1581
46, -105, 1559
63, -165, 1634
132, -85, 1718
132, -85, 1718
169, -62, 1767
111, -33, 1837
60, -48, 1729
16, -55, 1536
-23, -35, 1280
-23, -35, 1280
-71, -20, 1077
-97, -58, 939
-71, -67, 736
25, -72, 472
118, 25, 175
118, 25, 175
115, 226, -44
54, 275, 97
36, 203, 208
36, 203, 208
111, 167, 241
171, 172, 435
232, 197, 500
232, 197, 500
276, 268, 520
297, 237, 630
-,-,-
89, -104, 903
83, -61, 945
43, -75, 1055
57, -117, 1014
59, -96, 986
59, -96, 986
16, -28, 1232
62, 52, 1550
188, -31, 1717
188, -31, 1717
174, -152, 1970
61, -131, 1998
42, -59, 1998
48, -134, 1968
1, -300, 1737
-11, -255, 1442
-11, -255, 1442
28, -123, 1146
128, 0, 809
211, 25, 459
234, 71, 164
-,-,-
179, -69, 857
156, -70, 898
156, -70, 898
137, -99, 940
114, -94, 979
107, -47, 973
135, -37, 972
135, -37, 972
143, -62, 1085
114, -84, 1251
112, -93, 1344
124, -3, 1442
203, 50, 1529
203, 50, 1529
259, -61, 1639
200, -202, 1818
164, -170, 1866
161, -48, 1775
167, -70, 1600
131, -145, 1338
31, -150, 1100
31, -150, 1100
-54, -77, 917
-26, 42, 782
98, 16, 561
98, 16, 415
152, -53, 415
115, -35, 357
68, 100, 232
76, 274, 90
76, 274, 90
127, 204, 215
170, 30, 460
203, 66, 604
203, 66, 604
262, 180, 502
-,-,-
124, -27, 992
113, -42, 973
113, -42, 973
117, -44, 907
108, 26, 940
94, 0, 995
94, 0, 995
95, -50, 1068
162, -91, 1021
237, 27, 1133
243, 104, 1499
243, 104, 1499
247, 160, 1932
316, 37, 1998
357, -142, 1980
298, -158, 1904
173, -102, 1773
98, 27, 1600
98, 27, 1600
115, -83, 1368
113, -230, 1178
65, -220, 1071
85, -132, 846
144, 6, 522
144, 6, 522
128, 150, 139
102, 226, -8
77, 55, 199
77, 55, 199
109, 79, 248
99, 210, 62
99, 210, 62
107, 284, 75
105, 326, 396
160, 179, 616
160, 179, 616
-,-,-
112, -101, 923
117, -87, 962
89, -121, 974
89, -121, 974
73, -127, 993
80, -103, 995
116, -96, 1075
148, -58, 1368
172, 7, 1825
172, 7, 1825
256, -68, 1998
284, -294, 1998
215, -318, 1998
123, -227, 1854
86, -168, 1446
43, -53, 1071
43, -53, 1071
1, 0, 829
5, -76, 675
5, -76, 675
59, -21, 480
135, 128, 320
272, 191, 348
272, 191, 348
380, 144, 513
343, 124, 779
237, 76, 1055
256, 36, 984
256, 36, 984
236, -46, 872
116, -7, 844
25, 33, 773
25, 33, 773
36, 144, 572
112, 253, 383
188, 263, 373
188, 263, 483
229, 232, 483
241, 144, 640
245, 183, 677
286, 238, 586
366, 165, 680
-,-,-
100, -72, 845
93, -52, 842
120, -78, 810
89, -85, 924
47, -73, 1080
47, -73, 1080
100, -69, 1145
183, -17, 1227
211, 4, 1610
176, -136, 1960
167, -308, 1998
167, -308, 1998
129, -349, 1967
88, -328, 1744
15, -274, 1608
-54, -163, 1701
18, -193, 1539
74, -183, 1308
83, -168, 1170
83, -168, 1170
92, -102, 910
72, -1, 712
29, 77, 517
17, 159, 216
17, 159, 216
78, 258, -107
116, 237, -160
60, 226, 79
60, 226, 79
50, 209, 294
135, 174, 328
281, 62, 363
281, 62, 363
320, 2, 710
343, 33, 820
359, 115, 767
359, 115, 767
342, 132, 797
-,-,-
115, -167, 1015
115, -167, 1015
100, -116, 1040
60, -92, 1065
30, -80, 1098
48, -146, 1022
71, -120, 1053
86, -56, 1218
86, -56, 1218
107, -11, 1419
150, -58, 1611
176, -142, 1720
167, -175, 1796
156, -135, 1733
136, -143, 1621
85, -190, 1638
85, -190, 1638
18, -183, 1528
-49, -116, 1340
-22, -54, 1143
33, -123, 984
16, -205, 838
-12, -222, 796
-12, -222, 796
-21, -80, 607
39, 7, 345
54, 68, 278
54, 68, 278
44, 163, 243
76, 178, 213
122, 161, 333
122, 161, 333
-,-,-
34, -73, 939
37, -70, 966
37, -70, 966
64, -118, 917
75, -131, 940
53, -86, 989
35, -68, 1003
35, -68, 1003
8, -109, 1073
12, -129, 1146
115, -88, 1250
134, 3, 1497
134, 3, 1497
73, -23, 1802
-58, -170, 1992
-124, -289, 1987
-60, -227, 1743
-63, -139, 1700
-116, -128, 1756
-94, -231, 1655
-33, -415, 1337
-33, -415, 1337
-100, -373, 1042
-128, -150, 684
-6, -25, 472
140, -97, 403
149, -99, 179
72, 86, -14
72, 86, -14
38, 307, 19
140, 360, -10
192, 264, 158
192, 264, 158
236, 186, 343
318, 166, 479
372, 214, 542
350, 193, 593
-,-,-
144, -134, 904
144, -134, 904
124, -130, 933
101, -128, 992
104, -156, 951
85, -155, 949
86, -114, 964
85, -96, 1031
85, -96, 1031
99, -121, 1181
194, -144, 1455
288, -138, 1754
325, -231, 1977
263, -353, 1998
274, -293, 1919
308, -198, 1654
308, -198, 1654
214, -194, 1512
-2, -193, 1427
-191, -281, 1253
-227, -231, 904
-101, -76, 578
81, 73, 356
193, 91, 224
193, 91, 224
195, 74, 245
153, 126, 176
123, 229, 93
123, 229, 93
112, 199, 259
129, 189, 347
180, 109, 404
241, 55, 516
241, 55, 516
250, 84, 641
236, 126, 782
293, 64, 794
293, 64, 794
-,-,-
-47, -135, 1015
-47, -160, 1033
-31, -110, 988
-51, -57, 1000
-51, -57, 1000
-45, -106, 993
-36, -129, 1022
-30, -132, 1032
-28, -121, 975
-38, -52, 952
-69, -41, 1158
-69, -41, 1158
-160, -96, 1558
-178, -136, 1667
-147, -64, 1759
-75, -46, 1981
-92, -158, 1998
-137, -289, 1998
-142, -304, 1903
-232, -316, 1493
-270, -167, 1182
-159, -103, 804
-20, -67, 361
-20, -67, 361
71, 93, 66
89, 165, 92
61, 93, 155
61, 93, 155
6, 75, 172
-8, 212, 127
-8, 212, 127
114, 338, 99
271, 273, 218
261, 244, 451
-,-,-
46, -141, 839
24, -151, 987
-7, -293, 1075
10, -310, 1053
10, -310, 1053
17, -219, 1044
55, -176, 1141
93, -234, 1382
116, -288, 1664
170, -328, 1811
221, -358, 1879
134, -421, 1933
134, -421, 1933
-25, -384, 1860
-101, -311, 1691
-46, -247, 1417
-55, -279, 1144
-107, -205, 966
-128, -99, 860
-72, -26, 702
59, 5, 489
59, 5, 489
162, 50, 353
187, 103, 381
240, 103, 330
240, 83, 330
254, 50, 276
180, 105, 321
135, 188, 328
135, 188, 328
141, 178, 338
155, 193, 451
192, 98, 551
195, 122, 734
195, 122, 734
-,-,-
76, -182, 951
76, -182, 951
41, -157, 948
53, -138, 888
55, -104, 891
43, -130, 931
43, -130, 931
61, -202, 927
47, -188, 993
25, -137, 1076
76, -87, 1106
135, -29, 1352
135, -29, 1352
123, -91, 1796
97, -177, 1998
183, -291, 1998
241, -439, 1998
162, -554, 1988
68, -482, 1598
-26, -320, 1108
-26, -320, 1108
-79, -235, 863
-27, -139, 650
122, -119, 306
196, -40, 186
147, -8, 188
30, 141, 108
30, 141, 108
-9, 211, 93
51, 149, 156
51, 149, 156
124, 101, 332
193, 114, 478
242, 89, 556
262, 76, 616
262, 76, 616
267, 80, 708
251, 23, 822
246, 5, 904
246, 5, 904
-,-,-
91, -116, 951
86, -133, 828
102, -155, 817
93, -167, 929
95, -218, 1079
95, -218, 1079
137, -261, 1139
172, -211, 1210
196, -188, 1353
210, -171, 1577
214, -217, 1833
239, -264, 1970
200, -335, 1990
100, -359, 1893
-1, -308, 1671
-1, -308, 1671
-52, -241, 1483
7, -173, 1217
84, -98, 961
57, -96, 832
-8, -12, 633
-8, -12, 633
-66, 104, 396
-89, 255, 213
-41, 188, 119
-41, 188, 119
1, 34, 160
-23, 78, 264
24, 283, 175
24, 283, 175
163, 277, 231
234, 156, 579
299, 44, 735
-,-,-
106, -218, 1209
106, -218, 1209
59, -245, 1234
26, -260, 1207
62, -266, 1069
94, -217, 975
104, -200, 933
85, -184, 944
85, -184, 944
69, -209, 928
61, -199, 913
55, -183, 907
60, -177, 888
60, -177, 888
47, -194, 1036
65, -201, 1379
163, -179, 1799
251, -362, 1998
226, -612, 1998
121, -562, 1994
28, -343, 1687
28, -343, 1687
18, -154, 1261
67, -166, 1064
89, -162, 966
116, -135, 722
100, -120, 543
99, -16, 279
99, -16, 279
68, 40, 255
29, 134, 214
23, 134, 199
23, 172, 199
70, 159, 246
122, 75, 385
153, 113, 574
153, 113, 574
200, 87, 645
248, 41, 712
266, -24, 861
266, -24, 861
279, 3, 929
302, 37, 844
270, 79, 882
270, 79, 882
224, 116, 917
227, 154, 894
240, 138, 889
-,-,-
134, -204, 1190
128, -184, 1201
144, -192, 1104
163, -239, 1046
151, -246, 1087
151, -246, 1087
152, -228, 1091
135, -204, 1080
136, -232, 1077
129, -243, 1163
126, -271, 1200
139, -205, 1293
215, -175, 1541
359, -220, 1780
343, -336, 1966
263, -342, 1998
263, -342, 1927
224, -357, 1927
156, -381, 1624
22, -220, 1367
-7, -66, 1105
53, -100, 928
126, -199, 774
122, -94, 554
122, -94, 554
103, 168, 260
129, 219, 171
67, 37, 268
67, 37, 268
-31, 65, 320
-3, 255, 201
81, 208, 205
81, 208, 205
99, 164, 417
163, 136, 544
248, 96, 609
248, 96, 609
323, 82, 610
295, 110, 755
244, 163, 840
242, 158, 818
-,-,-
-58, -109, 1091
-53, -123, 1043
-36, -182, 992
-35, -151, 977
-23, -97, 952
-6, -114, 892
-6, -114, 892
-17, -119, 897
-43, -118, 912
-71, -117, 924
-78, -90, 949
-39, -27, 1088
-39, -27, 1088
1, -71, 1376
30, -121, 1608
73, -178, 1772
89, -289, 1904
27, -377, 1995
27, -377, 1995
0, -245, 1980
8, -216, 1805
16, -252, 1573
-9, -274, 1320
-108, -324, 1175
-112, -254, 891
-40, -107, 445
-40, -107, 445
41, 48, 146
109, 133, -119
101, 70, -87
49, -8, 167
49, -8, 167
7, 181, 189
85, 243, 154
85, 243, 154
151, 189, 417
236, 61, 585
-,-,-
52, -284, 1184
56, -252, 1110
59, -222, 993
59, -222, 993
44, -165, 973
65, -177, 916
81, -243, 914
39, -288, 1004
22, -253, 964
22, -253, 964
3, -176, 925
-4, -157, 985
0, -255, 1135
10, -255, 1298
10, -280, 1298
92, -189, 1525
206, -245, 1876
156, -499, 1998
49, -629, 1998
-27, -507, 1957
-74, -409, 1616
-124, -290, 1431
-172, -269, 1267
-72, -264, 993
-72, -264, 993
47, -198, 561
89, -45, 153
38, 133, -49
-4, 236, -51
-4, 236, -51
-2, 153, 45
-14, 109, 102
10, 249, 121
10, 249, 121
112, 322, 294
266, 179, 551
371, -37, 732
371, -37, 732
371, -58, 840
305, 34, 827
266, 68, 793
177, 41, 937
177, 41, 937
-,-,-
8, -135, 1059
21, -121, 999
22, -134, 982
0, -149, 1005
-6, -177, 1009
-6, -177, 1009
5, -190, 1041
5, -208, 1054
-11, -149, 1020
0, -125, 966
10, -174, 996
10, -174, 996
4, -223, 1033
-9, -176, 1013
-14, -104, 1066
53, -90, 1264
173, -98, 1586
173, -98, 1586
146, -187, 1977
-56, -439, 1998
-213, -594, 1998
-231, -442, 1942
-180, -308, 1450
-147, -243, 1131
-121, -212, 839
-37, -170, 546
74, -66, 292
74, -66, 292
156, 152, -6
140, 219, -95
84, 55, 13
84, 55, 13
-16, 111, 299
8, 252, 292
122, 256, 281
122, 256, 281
163, 175, 530
183, 32, 682
221, 23, 709
221, 23, 709
208, 64, 788
211, 87, 772
175, 83, 874
175, 83, 874
141, 75, 937
201, 24, 921
-,-,-
11, -188, 875
-9, -227, 915
-9, -227, 915
-27, -180, 1002
-12, -135, 941
13, -130, 904
25, -237, 989
-12, -235, 1112
-12, -235, 1112
-12, -173, 1177
43, -141, 1274
18, -139, 1524
5, -179, 1770
40, -292, 1877
79, -318, 1872
85, -290, 1835
85, -290, 1835
36, -304, 1707
18, -285, 1466
14, -196, 1253
17, -168, 1084
52, -133, 915
52, -133, 915
93, -96, 734
92, -20, 651
75, -14, 500
59, -11, 340
59, -11, 340
18, 1, 240
-19, 106, 196
-19, 106, 196
12, 205, 193
91, 201, 277
187, 194, 355
230, 168, 496
-,-,-
33, -173, 883
12, -160, 938
0, -209, 968
0, -209, 968
18, -164, 957
52, -119, 899
54, -132, 872
18, -162, 883
18, -162, 883
-42, -172, 990
-44, -202, 1070
0, -177, 1067
56, -167, 1043
32, -182, 1153
32, -182, 1153
8, -179, 1335
32, -137, 1551
90, -167, 1830
122, -299, 1990
111, -415, 1998
68, -423, 1888
-42, -391, 1651
-42, -391, 1651
-82, -259, 1416
1, -185, 1184
126, -235, 912
145, -133, 728
145, -37, 516
42, 0, 356
42, 0, 356
-122, 5, 299
-160, 72, 156
-160, 72, 156
-97, 125, 141
-38, 142, 260
46, 134, 335
133, 134, 435
133, 134, 435
204, 143, 498
272, 176, 530
304, 142, 667
261, 111, 822
261, 111, 822
232, 139, 865
257, 72, 886
-,-,-
-51, -241, 984
-51, -241, 984
-37, -173, 965
-28, -167, 948
-37, -216, 955
-69, -238, 1033
-67, -138, 1187
9, -83, 1462
9, -83, 1462
-5, -180, 1925
-66, -369, 1998
-81, -506, 1998
-91, -487, 1933
-116, -421, 1646
-171, -335, 1411
-160, -209, 1111
-70, -193, 752
-12, -65, 524
-12, -65, 524
12, -16, 403
25, 62, 328
98, 57, 169
98, 57, 169
171, 84, -11
147, 234, 85
147, 234, 85
158, 256, 231
189, 107, 465
203, 28, 653
200, 98, 749
200, 98, 749
226, 153, 722
231, 133, 769
191, 73, 876
191, 73, 876
191, 96, 862
151, 131, 911
174, 132, 905
206, 152, 918
206, 152, 918
212, 94, 976
-,-,-
52, -229, 908
52, -229, 908
34, -242, 963
2, -216, 937
-4, -172, 884
-4, -172, 884
10, -205, 892
6, -215, 984
-27, -232, 1116
-39, -257, 1188
-10, -231, 1183
45, -271, 1222
45, -271, 1222
73, -249, 1358
36, -228, 1614
17, -265, 1799
2, -420, 1773
-14, -406, 1749
27, -284, 1631
27, -284, 1631
140, -247, 1371
124, -213, 1264
99, -150, 1086
130, -114, 898
144, -104, 788
109, -95, 666
51, -33, 551
51, -33, 551
11, -23, 447
-8, 80, 318
-8, 80, 318
-9, 128, 300
25, 124, 339
80, 77, 388
80, 77, 388
136, 76, 527
195, 94, 603
268, 139, 609
268, 139, 609
332, 158, 624
328, 117, 722
296, 110, 781
264, 120, 802
-,-,-
41, -222, 1014
53, -225, 959
52, -229, 945
52, -229, 945
30, -230, 978
0, -214, 948
-11, -175, 900
-19, -187, 935
-19, -187, 935
1, -238, 971
16, -212, 971
19, -210, 988
53, -212, 994
53, -212, 994
61, -226, 1079
53, -217, 1265
88, -182, 1544
192, -259, 1757
179, -478, 1963
92, -507, 1998
34, -438, 1903
34, -438, 1903
-4, -360, 1612
-61, -306, 1416
-72, -272, 1256
5, -207, 961
84, -85, 616
84, -85, 616
138, 79, 335
190, 162, 127
118, 97, 103
118, 97, 103
-16, 116, 112
-46, 154, 154
7, 127, 283
70, 101, 509
70, 101, 509
186, 62, 591
260, 73, 632
295, 77, 682
295, 77, 682
297, 64, 805
270, 61, 900
261, 73, 847
261, 73, 847
-,-,-
56, -244, 1041
56, -244, 1041
64, -260, 1036
90, -278, 1033
94, -304, 1055
88, -280, 1044
67, -224, 1018
34, -222, 1016
34, -222, 1016
49, -237, 1076
135, -206, 1262
219, -211, 1633
223, -345, 1976
153, -559, 1998
25, -546, 1946
-55, -354, 1628
-40, -266, 1383
-40, -266, 1383
1, -201, 1237
-18, -251, 1105
-26, -215, 873
-10, -88, 594
11, 39, 390
11, 39, 390
60, 113, 310
161, 145, 274
258, 46, 206
258, 46, 206
233, 77, 257
155, 255, 218
131, 284, 261
161, 141, 504
161, 141, 504
243, -29, 662
264, -4, 809
277, 104, 752
290, 94, 763
290, 94, 763
232, 28, 940
193, 29, 995
243, 112, 946
243, 112, 946
279, 113, 948
281, 110, 986
253, 90, 1042
258, 19, 972
-,-,-
80, -245, 997
35, -189, 1041
35, -189, 1041
34, -167, 993
29, -223, 950
26, -243, 953
18, -254, 1045
16, -218, 1160
16, -218, 1160
61, -163, 1385
144, -146, 1703
168, -279, 1965
57, -500, 1998
-89, -472, 1997
-131, -327, 1786
-114, -292, 1598
-111, -322, 1496
-118, -315, 1312
-111, -282, 1053
-58, -120, 729
-58, -120, 729
16, 68, 529
144, 175, 404
232, 68, 177
160, 68, -121
160, 88, -121
-77, 283, -80
-198, 371, 155
-129, 198, 372
17, 85, 461
17, 85, 461
183, 62, 543
269, 124, 616
302, 139, 727
302, 139, 727
289, 82, 896
-,-,-
-9, -268, 1179
9, -228, 1081
-25, -201, 1057
-53, -205, 1029
-28, -227, 970
-22, -243, 950
-22, -243, 950
-28, -195, 934
-56, -136, 963
-50, -180, 985
-44, -211, 1074
-34, -199, 1146
35, -173, 1285
89, -184, 1595
89, -184, 1595
72, -218, 1925
-4, -320, 1998
-73, -450, 1998
-132, -380, 1975
-184, -310, 1757
-212, -331, 1562
-246, -337, 1347
-199, -355, 975
-130, -203, 615
-57, -11, 309
-57, -11, 309
-17, 76, 189
62, 155, 14
157, 242, -238
157, 171, -29
157, 171, -29
101, 192, 320
122, 155, 438
214, 151, 458
280, 98, 506
280, 98, 506
288, 95, 634
263, 103, 740
255, 123, 745
255, 123, 745
244, 80, 752
229, 105, 830
191, 116, 962
190, 108, 937
-,-,-
-32, -140, 1000
28, -149, 877
66, -225, 889
-4, -256, 1031
-36, -234, 999
-56, -171, 934
-56, -171, 934
-42, -153, 917
-4, -209, 936
-10, -259, 1067
-27, -219, 1169
24, -181, 1214
86, -164, 1338
56, -222, 1575
56, -222, 1575
-12, -275, 1789
-42, -282, 1878
-10, -339, 1957
-35, -405, 1900
-74, -300, 1641
-70, -157, 1455
-69, -181, 1413
-43, -189, 1159
-17, -228, 838
-17, -228, 838
-26, -117, 700
-18, 6, 618
50, 99, 421
159, 6, 270
159, 6, 270
158, -69, 286
100, 115, 151
70, 244, 216
70, 244, 216
115, 216, 317
195, 86, 375
223, 64, 553
223, 64, 553
230, 106, 562
278, 178, 510
271, 144, 700
271, 144, 700
235, 48, 887
239, 18, 943
257, 119, 940
272, 131, 905
272, 131, 905
258, 171, 890
253, 106, 965
-,-,-
-62, -150, 938
-52, -249, 938
-34, -260, 961
-40, -217, 963
-15, -222, 946
-13, -212, 978
-29, -222, 1050
-57, -273, 1139
-57, -273, 1139
-78, -294, 1182
-49, -269, 1211
36, -243, 1395
132, -281, 1838
114, -445, 1998
39, -580, 1998
-65, -450, 1954
-125, -265, 1751
-88, -198, 1545
-44, -231, 1313
-44, -231, 1313
-57, -315, 1010
-89, -231, 676
-184, -69, 448
-214, 66, 200
-189, 135, 195
-55, 139, 126
-55, 139, 126
82, 59, 99
136, 161, 175
143, 256, 242
175, 233, 373
175, 233, 373
212, 114, 578
228, 60, 710
261, 82, 679
-,-,-
-75, -124, 928
-70, -130, 967
-40, -195, 969
-4, -180, 926
-4, -180, 926
-22, -184, 974
-47, -171, 1057
-47, -171, 1025
-40, -216, 993
-55, -196, 1006
-35, -191, 1051
-11, -209, 1261
-11, -209, 1261
-22, -146, 1620
-64, -235, 1966
-112, -409, 1998
-140, -488, 1998
-139, -399, 1957
-127, -305, 1705
-120, -224, 1492
-118, -181, 1275
-68, -198, 895
-29, -153, 655
113, 23, 345
113, 23, 345
260, 167, 78
292, 157, -135
137, 103, -22
15, 118, 77
15, 118, 77
2, 192, 133
34, 230, 281
34, 230, 281
65, 220, 504
171, 110, 635
251, 0, 761
-,-,-
0, -109, 1150
-33, -130, 1107
-7, -179, 1025
9, -213, 1023
11, -148, 982
-12, -111, 957
-12, -111, 957
-26, -132, 952
-23, -191, 934
-47, -145, 995
-56, -134, 983
-48, -134, 984
-35, -147, 1024
-35, -147, 1024
-13, -152, 1014
-28, -134, 1075
-23, -117, 1205
40, -167, 1312
81, -200, 1400
66, -131, 1639
120, -126, 1909
117, -276, 1998
7, -359, 1987
7, -359, 1987
-85, -294, 1721
-130, -157, 1429
-97, -67, 1300
-15, -79, 1146
71, -220, 868
83, -174, 641
83, -174, 641
45, 8, 278
0, 171, -25
0, 171, -25
-30, 210, -25
-22, 132, 125
61, 72, 132
119, 202, 269
119, 202, 269
158, 291, 421
252, 148, 535
265, -125, 830
-,-,-
-181, -45, 1065
-176, -57, 1060
-176, -57, 1060
-137, -115, 1034
-144, -171, 1014
-177, -128, 968
-197, -110, 913
-229, -85, 967
-227, -102, 975
-203, -160, 915
-211, -84, 915
-220, -75, 961
-193, -113, 1015
-211, -144, 1131
-211, -144, 1131
-208, -168, 1109
-239, -100, 1084
-251, -86, 1138
-228, -36, 1305
-201, -46, 1723
-237, -136, 1998
-261, -245, 1998
-326, -184, 1908
-444, -122, 1639
-535, -109, 1496
-549, -74, 1305
-451, -88, 953
-276, -81, 606
-117, 88, 355
-117, 88, 355
6, 212, 150
142, 245, -117
169, 188, -80
106, 132, 152
106, 132, 152
81, 131, 235
88, 269, 300
136, 269, 334
136, 269, 334
-,-,-
-165, 135, 963
-174, 154, 992
-182, 130, 993
-175, 119, 1000
-175, 119, 1000
-221, 166, 998
-239, 197, 952
-234, 219, 931
-194, 171, 910
-142, 85, 899
-159, 143, 954
-159, 143, 954
-217, 168, 1048
-199, 158, 965
-186, 141, 950
-210, 128, 1027
-201, 132, 970
-232, 215, 994
-246, 199, 1093
-246, 199, 1093
-207, 207, 1189
-233, 276, 1439
-285, 395, 1876
-328, 386, 1998
-355, 136, 1998
-367, 103, 1992
-352, 164, 1779
-277, 19, 1520
-247, -24, 1270
-210, 25, 892
-210, 25, 892
-169, 140, 464
-25, 278, 123
66, 183, 13
65, 26, 25
65, 26, 25
7, 83, 4
7, 83, 4
21, 223, 0
74, 205, 110
74, 205, 110
120, 190, 274
157, 131, 397
131, 162, 591
-,-,-
-105, -1, 916
-90, 93, 891
-91, 90, 948
-98, 50, 966
-77, -35, 933
-77, -35, 933
-81, 12, 931
-87, 72, 941
-118, 61, 1040
-118, 61, 1040
-188, 87, 1126
-177, 44, 1070
-141, 106, 1017
-148, 110, 1064
-172, 126, 1146
-160, 142, 1333
-153, 235, 1675
-96, 278, 1976
-96, 278, 1976
-113, 278, 1998
-257, 141, 1998
-290, 53, 1976
-293, 71, 1691
-235, 33, 1384
-214, -27, 1078
-162, 41, 581
-162, 41, 581
-127, 204, 184
-34, 261, 22
107, 154, -16
148, 61, -76
148, 61, -76
160, 196, -184
104, 385, 0
106, 316, 189
102, 289, 435
102, 289, 435
101, 256, 623
174, 223, 539
-,-,-
-94, 143, 945
-93, 168, 930
-88, 119, 951
-67, 124, 995
-67, 124, 995
-43, 96, 951
-36, 105, 917
-87, 160, 967
-87, 160, 967
-127, 192, 1029
-99, 133, 1076
-86, 131, 1212
-91, 226, 1382
-104, 319, 1647
-122, 276, 1945
-173, 177, 1998
-223, 174, 1998
-223, 174, 1998
-225, 152, 1972
-196, 31, 1798
-191, -75, 1701
-154, -81, 1466
-50, 46, 1040
92, 71, 489
92, 71, 489
145, 110, 153
132, 168, 87
107, 142, -95
107, 142, -95
41, 158, -213
-52, 259, -96
-78, 208, 144
-10, 160, 358
72, 158, 487
72, 158, 487
179, 225, 424
226, 179, 587
218, 151, 799
218, 151, 799
165, 203, 880
130, 282, 789
129, 268, 814
137, 245, 898
137, 245, 898
-,-,-
-41, -81, 930
-22, -84, 927
-27, -23, 960
-27, -23, 960
-98, 52, 1058
-107, 12, 988
-90, -42, 971
-54, -103, 996
-54, -103, 996
-25, -69, 1016
-28, -32, 1035
-46, -4, 1005
-68, -3, 1034
-56, -18, 1119
-56, -18, 1119
-29, 19, 1284
-18, 60, 1519
-28, 1, 1789
-60, -125, 1970
-132, -185, 1998
-224, -164, 1987
-224, -164, 1987
-221, -129, 1743
-166, -110, 1523
-123, -155, 1237
-111, -95, 892
-58, 43, 558
-11, 56, 355
27, 124, 146
27, 124, 146
47, 154, 71
32, 172, 138
59, 224, 185
59, 224, 185
121, 218, 219
151, 203, 370
148, 165, 566
149, 120, 722
149, 120, 722
172, 93, 745
182, 134, 724
-,-,-
98, -4, 972
98, -4, 972
130, 33, 995
142, -15, 1085
203, -31, 1184
203, -31, 1184
208, 46, 1287
146, -7, 1410
66, -104, 1527
15, -110, 1589
70, -44, 1377
70, -44, 1377
132, -43, 1175
156, -37, 1050
134, 40, 1034
95, 58, 1070
92, 58, 1059
92, 58, 1059
79, 89, 1123
129, 211, 1234
262, 124, 1373
262, 124, 1642
266, -108, 1642
233, -221, 1682
133, -198, 1265
25, -74, 799
28, 9, 399
28, 9, 399
57, 36, 350
167, 135, 151
206, 292, -22
-,-,-
-2, 152, 940
10, 129, 928
23, 86, 972
32, 73, 961
32, 73, 961
47, 73, 923
60, 63, 976
60, 63, 976
38, 65, 1042
-6, 74, 1062
-4, 80, 983
-4, 80, 983
-6, 93, 949
5, 77, 998
5, 77, 998
0, 80, 1050
9, 61, 1028
-,-,-
72, -13, 1138
-,-,-
22, 231, 1677
107, 233, 1846
83, 28, 1925
83, 28, 1925
-,-,-
-137, 127, 1733
-53, 7, 1321
-53, 7, 1321
-40, -15, 1006
-5, -3, 804
38, 59, 730
38, 59, 730
54, 111, 602
-,-,-
104, 102, 193
153, 42, 228
94, 81, 406
76, 154, 379
76, 154, 379
-,-,-
-24, 30, 950
11, 22, 912
11, 22, 912
15, 18, 955
28, -28, 963
19, -15, 1009
19, -15, 1009
-6, 24, 1057
-13, 15, 1082
-40, -7, 1113
-48, 23, 1138
-48, 23, 1138
-4, 23, 1222
25, 0, 1417
48, 17, 1530
48, 17, 1530
46, 28, 1594
-7, 195, 1727
56, 333, 1882
56, 333, 1882
61, 138, 1998
42, -254, 1904
-25, -242, 1596
-72, -87, 1296
-82, 26, 1095
-82, 26, 1095
-55, -15, 952
-,-,-
-2, 79, 951
0, 15, 988
0, 15, 988
8, -65, 956
18, -9, 925
18, -9, 925
10, 51, 965
29, 49, 1051
33, -5, 1177
33, -5, 1177
26, 2, 1262
10, 52, 1363
10, 52, 1363
58, 31, 1438
75, 35, 1504
44, 95, 1570
44, 95, 1553
72, 137, 1553
225, 88, 1586
249, -39, 1740
100, -91, 1802
-3, 27, 1590
-3, 27, 1590
30, 120, 1230
69, 68, 962
36, 5, 958
36, 5, 958
-36, -69, 949
-55, -12, 736
-55, -12, 736
-24, 147, 388
-,-,-
51, -88, 981
88, -119, 930
73, -53, 952
34, -57, 987
25, -98, 1034
25, -98, 1034
25, -96, 1047
27, -68, 1056
82, -25, 1091
152, -27, 1317
152, -27, 1317
90, 27, 1729
67, 153, 1986
130, 36, 1998
89, -242, 1998
89, -242, 1998
-93, -364, 1943
-246, -289, 1677
-276, -272, 1382
-213, -263, 1107
-133, -211, 877
30, -127, 512
120, -49, 361
147, 106, 322
147, 106, 322
157, 149, 193
132, 174, 190
122, 246, 219
168, 242, 213
-,-,-
30, -111, 962
30, -111, 962
59, -102, 940
63, -121, 957
28, -92, 1030
5, -88, 1035
5, -88, 1035
21, -120, 957
24, -138, 963
12, -132, 1044
-11, -82, 1135
-11, -82, 1135
2, -50, 1175
63, -20, 1310
124, -26, 1650
104, -152, 1958
10, -256, 1998
10, -256, 1998
-54, -257, 1985
-57, -193, 1757
-26, -126, 1502
-3, -131, 1293
-41, -149, 1124
-86, -82, 897
15, 133, 649
15, 133, 649
115, 186, 528
168, 89, 405
146, -33, 330
92, 89, 260
92, 89, 260
79, 259, 250
96, 239, 385
96, 239, 385
146, 159, 469
198, 90, 545
236, 72, 569
236, 72, 569
269, 141, 563
302, 118, 572
290, 82, 657
-,-,-
41, -181, 1024
35, -146, 1054
50, -152, 1004
50, -152, 1004
39, -137, 998
20, -115, 1015
39, -119, 1002
66, -147, 969
61, -141, 979
61, -141, 979
38, -118, 995
14, -112, 1019
15, -135, 1035
37, -128, 1102
95, -99, 1314
95, -99, 1314
177, -143, 1714
238, -257, 1988
173, -361, 1998
86, -334, 1998
51, -287, 1922
45, -269, 1723
19, -281, 1438
19, -281, 1438
30, -232, 1030
0, -137, 731
-4, 18, 489
-19, 77, 335
-19, 77, 335
3, 137, 206
42, 145, 169
91, 118, 217
91, 118, 217
106, 145, 226
124, 234, 229
167, 249, 392
167, 249, 392
218, 161, 577
257, 80, 654
283, 161, 663
328, 193, 633
328, 193, 633
350, 181, 699
-,-,-
-44, -104, 968
-48, -58, 981
-48, -58, 981
-54, -91, 1034
-81, -100, 1070
-96, -120, 1041
-92, -105, 1024
-79, -72, 1030
-70, -64, 1057
-71, -47, 1131
-71, -47, 1131
-22, -76, 1266
-18, -92, 1433
-40, -79, 1521
-58, 10, 1604
-48, 49, 1726
-48, 49, 1726
-52, -48, 1875
-110, -175, 1997
-137, -223, 1941
-130, -90, 1601
-84, 6, 1173
-81, 5, 920
-81, 5, 920
-111, 5, 861
-127, -29, 810
-70, -15, 551
30, 51, 336
30, 51, 336
95, 133, 242
113, 228, 79
113, 228, 79
-,-,-
-52, -34, 987
-52, -34, 987
-58, -10, 1011
-23, -11, 970
-8, -48, 949
-3, -57, 975
-3, -57, 975
-23, -51, 1013
-47, -34, 1026
-69, -8, 1066
-50, 6, 1251
-50, 6, 1251
-38, -3, 1511
-38, -87, 1717
-26, -97, 1844
-19, -139, 1945
-85, -155, 1967
-105, -65, 1781
-105, -65, 1781
7, 10, 1554
44, -114, 1442
-31, -197, 1326
-161, -117, 1147
-147, -8, 810
-49, 78, 644
-49, 78, 644
33, 112, 585
82, 71, 418
85, 69, 217
85, 69, 217
-,-,-
37, -128, 948
5, -54, 970
-3, -51, 973
-26, -35, 967
-26, -35, 967
-30, -54, 965
-18, -88, 940
-10, -65, 941
-30, -15, 1010
-32, -35, 1105
-32, -35, 1105
-27, -85, 1186
-32, -106, 1259
-71, -58, 1461
-73, -50, 1856
-37, -234, 1998
6, -365, 1998
6, -365, 1998
75, -334, 1874
102, -253, 1641
90, -217, 1473
36, -181, 1391
6, -174, 1210
3, -120, 857
3, -120, 857
-1, 11, 565
88, 82, 357
88, 82, 357
148, -9, 209
73, 50, 133
37, 204, 40
37, 204, 40
64, 200, 101
90, 201, 297
134, 190, 446
134, 190, 446
224, 151, 462
320, 128, 500
342, 131, 616
335, 126, 713
335, 126, 713
321, 142, 801
330, 99, 874
-,-,-
26, -164, 949
9, -78, 889
2, -95, 884
-5, -138, 911
-5, -138, 911
-14, -175, 938
-18, -175, 917
-20, -113, 909
-35, -119, 966
-56, -179, 1130
-53, -158, 1292
8, -87, 1453
8, -87, 1453
86, -74, 1837
125, -317, 1998
75, -512, 1998
3, -413, 1998
3, -413, 1998
15, -289, 1909
14, -280, 1578
-12, -222, 1308
-22, -187, 1076
-17, -113, 791
17, -13, 583
17, -13, 583
43, -32, 450
88, 36, 218
131, 135, -82
131, 135, -82
154, 269, -267
99, 349, -135
37, 362, 133
-,-,-
50, -84, 1085
73, -73, 987
108, -116, 919
85, -113, 920
72, -121, 919
72, -121, 919
58, -96, 966
75, -108, 995
78, -136, 1092
75, -71, 1331
75, -71, 1331
116, -76, 1629
153, -189, 1854
85, -305, 1956
-12, -249, 1995
-67, -186, 1998
-74, -199, 1958
0, -251, 1638
0, -251, 1638
-44, -278, 1336
-69, -237, 1119
-55, -224, 888
-67, -110, 585
-11, 88, 187
-11, 88, 187
88, 73, 11
106, 10, 51
66, 142, 123
66, 142, 123
120, 235, 36
168, 269, 102
220, 136, 351
220, 136, 351
262, 115, 558
311, 129, 589
-,-,-
40, -105, 961
25, -108, 999
47, -163, 963
50, -121, 955
50, -121, 955
38, -111, 977
33, -107, 994
40, -130, 981
24, -137, 1037
12, -150, 1077
12, -150, 1077
20, -116, 1050
62, -133, 1092
57, -139, 1274
23, -148, 1496
145, -57, 1790
239, -184, 1998
239, -184, 1998
103, -445, 1998
-72, -454, 1998
-115, -358, 1935
-140, -343, 1505
-204, -252, 1215
-199, -164, 937
-101, -101, 630
41, -34, 257
125, 107, 43
125, 107, 43
137, 123, 11
82, 160, -6
40, 230, 41
40, 230, 41
97, 269, 51
-,-,-
39, -170, 895
29, -125, 935
63, -180, 921
46, -174, 1051
46, -174, 1051
35, -190, 1206
31, -195, 1321
33, -205, 1500
62, -298, 1754
72, -342, 1965
75, -362, 1998
75, -362, 1998
46, -386, 1998
47, -403, 1807
14, -327, 1539
-32, -240, 1434
17, -173, 1311
47, -160, 1041
86, -80, 728
86, -80, 728
108, -38, 546
88, 7, 474
88, 7, 474
91, 108, 322
121, 176, 148
143, 199, 45
143, 199, 45
145, 146, 149
136, 155, 374
168, 189, 463
230, 199, 426
230, 199, 426
275, 175, 454
302, 94, 566
308, 138, 734
361, 153, 753
361, 153, 753
392, 175, 683
389, 164, 748
-,-,-
-2, -183, 948
-14, -191, 974
-14, -191, 974
-7, -190, 1008
19, -203, 1002
34, -237, 1008
28, -221, 1089
2, -161, 1254
2, -161, 1254
10, -83, 1504
79, -87, 1782
86, -308, 1990
-46, -488, 1998
-190, -426, 1998
-236, -347, 1959
-209, -333, 1502
-220, -201, 1098
-195, -98, 865
-195, -98, 865
-87, -53, 623
29, -38, 368
153, 70, 35
175, 131, -46
175, 131, -46
122, 170, 8
112, 187, 90
173, 152, 125
173, 152, 125
241, 94, 212
233, 110, 404
229, 173, 527
256, 202, 596
256, 202, 596
331, 178, 678
387, 62, 786
363, 46, 914
363, 46, 914
335, 140, 926
344, 156, 887
333, 145, 925
293, 118, 1004
293, 118, 1004
276, 142, 1022
309, 158, 983
334, 162, 998
-,-,-
64, -201, 939
68, -176, 997
67, -175, 997
45, -141, 984
45, -141, 984
29, -128, 952
26, -139, 959
29, -179, 991
-8, -180, 1083
-8, -180, 1083
-1, -155, 1300
72, -101, 1603
108, -134, 1904
52, -295, 1998
-48, -397, 1998
-99, -360, 1943
-47, -229, 1630
-3, -186, 1402
-3, -186, 1402
-7, -196, 1202
-34, -184, 953
9, -62, 655
91, 124, 453
91, 124, 453
235, 143, 370
321, 3, 242
241, -48, 151
241, -48, 151
57, 108, 218
-43, 214, 236
-16, 174, 267
27, 133, 459
27, 133, 459
136, 140, 561
256, 122, 601
343, 76, 606
343, 76, 606
312, 90, 736
269, 141, 822
245, 167, 821
238, 212, 785
-,-,-
30, -150, 792
-25, -68, 900
-61, -90, 965
-57, -106, 938
-57, -106, 938
-38, -176, 996
-8, -185, 1188
-18, -144, 1419
-118, -25, 1784
-191, 20, 1998
-203, -155, 1998
-172, -362, 1998
-161, -380, 1998
-162, -337, 1789
-162, -337, 1789
-152, -257, 1369
-157, -154, 1004
-117, -68, 676
-32, 3, 444
112, 82, 190
197, 151, -45
186, 243, -27
186, 243, -27
124, 195, 101
116, 161, 269
125, 72, 481
125, 72, 481
101, 92, 622
125, 169, 626
212, 142, 640
244, 117, 694
244, 117, 694
240, 162, 737
221, 235, 750
-,-,-
13, -158, 1082
-1, -131, 1022
-1, -131, 1022
24, -143, 978
32, -156, 1004
12, -156, 1011
-17, -143, 1006
-18, -131, 968
-10, -140, 992
-10, -140, 992
10, -158, 1059
34, -131, 1275
22, -101, 1714
35, -121, 1996
44, -370, 1998
0, -551, 1998
0, -551, 1998
-10, -524, 1998
-44, -346, 1733
-99, -196, 1435
-129, -197, 1175
-108, -218, 796
-115, -152, 437
-50, 36, 99
-50, 36, 99
63, 145, -120
113, 193, -229
82, 234, -177
28, 273, -62
28, 273, -62
15, 177, 112
84, 135, 340
166, 176, 502
-,-,-
-2, -152, 1318
58, -42, 1299
107, -121, 1245
107, -121, 1245
129, -189, 1211
107, -230, 1195
109, -223, 1146
103, -190, 1071
71, -187, 1047
35, -197, 994
-10, -173, 1021
13, -178, 1111
13, -178, 1111
70, -162, 1346
137, -139, 1684
179, -203, 1981
49, -310, 1998
-141, -354, 1998
-123, -449, 1998
-60, -465, 1920
-105, -378, 1343
-104, -226, 861
-142, -162, 565
-142, -162, 565
-128, -94, 142
-69, 47, -312
-30, 180, -406
-11, 247, -338
45, 216, -280
114, 111, -147
114, 111, -147
154, 144, 140
193, 177, 360
-,-,-
9, -99, 950
-7, -119, 993
12, -55, 940
12, -55, 940
40, -7, 898
55, -33, 895
53, -79, 914
53, -79, 914
38, -107, 964
21, -94, 997
35, -81, 953
35, -81, 953
39, -16, 934
36, -50, 965
21, -92, 1017
4, -87, 1106
4, -87, 1106
48, -71, 1273
120, -33, 1518
175, -35, 1922
171, -158, 1998
171, -158, 1998
46, -348, 1998
-33, -365, 1998
5, -320, 1856
-35, -296, 1280
-173, -78, 988
-200, 1, 820
-200, 1, 820
-76, -3, 526
38, 94, 147
104, 147, 40
104, 147, 40
96, 39, 189
102, 14, 123
94, 171, -55
94, 171, -55
120, 344, -55
220, 370, -9
346, 202, 166
-,-,-
18, -142, 944
52, -63, 862
75, -108, 811
75, -108, 811
59, -117, 944
40, -158, 1034
50, -183, 960
26, -132, 961
27, -123, 991
27, -123, 991
12, -108, 1054
-4, -97, 1059
-1, -115, 1031
7, -141, 1059
7, -141, 1059
31, -171, 1125
80, -184, 1186
113, -182, 1324
135, -110, 1628
183, -53, 1959
166, -240, 1998
122, -401, 1998
34, -360, 1998
34, -360, 1998
-65, -333, 1933
-135, -312, 1618
-168, -268, 1369
-154, -286, 1021
-170, -206, 602
-126, 14, 291
-5, 66, 159
-5, 66, 159
132, 76, 67
180, 49, -104
148, 210, -251
122, 384, -139
122, 384, -139
147, 385, 150
231, 305, 361
325, 193, 459
382, 109, 548
382, 109, 548
372, 42, 693
-,-,-
10, -135, 984
33, -182, 1012
-4, -174, 1062
-4, -174, 1062
0, -100, 1097
25, -108, 1130
57, -172, 1130
65, -202, 1076
50, -167, 1069
25, -133, 1080
25, -133, 1080
29, -123, 1001
17, -110, 900
8, -137, 877
19, -105, 1117
73, -33, 1647
73, -33, 1647
104, -162, 1998
112, -468, 1998
24, -508, 1998
-108, -447, 1998
-206, -351, 1895
-245, -259, 1582
-122, -262, 1174
-13, -226, 794
49, -96, 611
49, -96, 611
139, 8, 411
149, 121, 132
111, 191, 12
111, 191, 12
68, 138, 57
33, 88, 220
33, 88, 220
78, 114, 186
127, 163, 49
143, 172, 124
143, 172, 124
137, 212, 384
224, 180, 601
334, 169, 716
413, 139, 781
401, 165, 926
401, 165, 926
353, 167, 948
306, 205, 927
209, 237, 1058
209, 230, 1071
209, 230, 1071
272, 170, 985
-,-,-
0, -115, 885
1, -149, 938
45, -190, 852
35, -134, 837
35, -134, 837
26, -106, 882
31, -131, 1027
47, -193, 1196
58, -256, 1283
67, -267, 1312
67, -267, 1312
61, -244, 1364
46, -228, 1418
7, -193, 1415
12, -89, 1409
144, -80, 1678
144, -80, 1678
79, -255, 1997
-44, -425, 1998
-88, -383, 1989
-12, -292, 1558
60, -139, 1197
3, -182, 1023
-32, -175, 818
-32, -175, 818
16, -30, 510
230, 182, 226
483, 150, -225
469, 103, -441
212, 183, -137
212, 183, -137
-28, 155, 113
-150, 115, 362
-58, 68, 481
107, 86, 541
107, 86, 541
311, 119, 623
501, 66, 567
465, 102, 602
335, 230, 683
335, 230, 683
269, 227, 747
245, 137, 891
233, 87, 1035
287, 64, 1093
287, 64, 1093
340, 25, 1160
321, 42, 1259
-,-,-
94, -160, 1021
94, -160, 1021
121, -104, 944
146, -89, 906
161, -114, 950
123, -149, 1077
88, -178, 1129
104, -141, 1022
104, -141, 1022
135, -111, 1045
157, -155, 1193
164, -209, 1246
117, -197, 1303
84, -160, 1364
127, -78, 1375
190, -69, 1512
247, -134, 1775
247, -134, 1775
235, -234, 1998
161, -270, 1998
131, -346, 1998
85, -350, 1687
-38, -355, 1332
-202, -164, 956
-216, 80, 384
-35, 158, 14
-35, 158, 14
144, 95, -166
259, 47, -319
247, 57, -227
151, 183, 17
151, 183, 17
123, 307, 148
184, 321, 312
267, 200, 489
267, 200, 489
-,-,-
43, -14, 1170
23, -67, 1113
41, -88, 1074
31, -64, 1028
78, -115, 931
78, -115, 931
109, -99, 907
95, -78, 986
43, -61, 1118
76, -98, 1131
76, -98, 1131
109, -107, 1275
60, -68, 1616
38, -50, 1898
77, -81, 1998
147, -179, 1998
147, -179, 1998
218, -284, 1978
192, -255, 1840
128, -148, 1612
91, -159, 1266
11, -100, 1030
33, 38, 740
116, 6, 427
116, 6, 427
153, -30, 227
133, 33, 82
133, 33, 82
105, 32, -97
81, 69, -74
72, 128, 104
-,-,-
107, -143, 1051
109, -141, 932
79, -132, 869
79, -132, 869
69, -119, 850
43, -110, 928
18, -113, 995
22, -123, 949
22, -123, 949
39, -139, 931
28, -159, 1012
31, -103, 1060
43, -78, 1144
80, -136, 1293
80, -136, 1293
113, -186, 1538
185, -107, 1786
256, -138, 1987
196, -345, 1998
64, -396, 1988
-42, -328, 1756
-113, -218, 1443
-92, -146, 1131
-53, -90, 862
-53, -90, 862
-46, -38, 699
50, 47, 393
151, 81, 167
151, 81, 167
190, 127, 129
188, 131, 115
164, 175, 130
189, 250, 156
189, 250, 156
230, 219, 248
265, 81, 433
280, 38, 587
280, 38, 587
301, 118, 657
340, 155, 678
398, 109, 772
399, 66, 898
399, 66, 898
376, 108, 922
-,-,-
203, -137, 1130
182, -142, 1074
148, -95, 897
139, -26, 871
139, -26, 871
145, -37, 917
183, -95, 925
194, -127, 945
202, -96, 953
202, -96, 953
228, -80, 997
203, -98, 1146
176, -85, 1413
330, 19, 1629
495, -11, 1944
495, -11, 1944
478, -322, 1998
285, -556, 1998
73, -389, 1852
-27, -180, 1385
-70, -137, 1186
-61, -147, 999
20, -120, 666
20, -120, 666
98, -20, 469
130, 62, 443
130, 106, 319
158, 169, 182
158, 169, 182
165, 205, 85
175, 276, 58
-,-,-
113, -63, 1065
102, -130, 1054
93, -140, 1037
97, -82, 1006
118, -61, 992
118, -61, 992
125, -72, 1014
125, -98, 989
130, -116, 964
128, -120, 1031
133, -81, 1100
96, 13, 1218
96, 13, 1218
35, 36, 1463
81, -104, 1843
165, -340, 1998
160, -464, 1998
138, -375, 1925
138, -375, 1925
151, -258, 1565
130, -198, 1334
77, -196, 1078
51, -148, 785
96, 12, 495
156, 38, 350
156, 38, 350
172, 39, 277
119, 97, 268
73, 150, 315
73, 150, 315
139, 187, 245
204, 84, 457
235, 68, 606
235, 68, 606
297, 186, 514
384, 205, 388
399, 191, 436
354, 192, 607
354, 192, 607
-,-,-
137, -152, 911
132, -98, 881
161, -123, 859
141, -128, 937
130, -152, 985
130, -152, 985
150, -160, 959
179, -148, 945
192, -144, 967
167, -138, 1002
142, -143, 1024
138, -170, 1006
132, -137, 981
132, -137, 981
146, -141, 966
132, -146, 1036
146, -144, 1178
223, -145, 1451
310, -201, 1807
271, -329, 1996
185, -423, 1998
133, -431, 1998
69, -391, 1807
69, -391, 1807
-25, -240, 1578
14, -178, 1341
119, -172, 1005
143, -187, 563
49, -2, 148
-,-,-
111, -161, 1167
105, -107, 1020
99, -42, 1018
118, -70, 1044
135, -143, 1053
124, -237, 1032
78, -168, 1053
98, -120, 957
98, -120, 957
117, -111, 944
106, -129, 968
79, -127, 967
79, -136, 980
79, -136, 980
101, -150, 1049
76, -106, 1209
109, -40, 1430
222, -116, 1752
286, -313, 1995
108, -415, 1998
-48, -302, 1958
-78, -203, 1665
-78, -203, 1665
-39, -205, 1360
-35, -183, 1119
66, -92, 948
213, -12, 733
273, 55, 503
273, 55, 503
221, 92, 361
151, 64, 317
141, 97, 263
158, 123, 203
158, 123, 203
184, 220, 178
218, 240, 198
265, 240, 298
321, 131, 443
321, 131, 443
-,-,-
118, -113, 988
151, -152, 944
151, -136, 994
151, -136, 994
136, -151, 990
107, -174, 941
88, -151, 957
75, -142, 1024
79, -144, 1061
114, -135, 1044
114, -135, 1044
145, -161, 1097
137, -170, 1234
119, -132, 1437
202, -135, 1732
262, -289, 1989
240, -512, 1998
121, -396, 1894
68, -184, 1634
64, -187, 1453
64, -187, 1453
29, -166, 1332
37, -83, 1222
84, -69, 1026
145, -60, 776
135, -2, 645
135, -2, 645
111, 99, 671
142, 111, 565
172, 141, 289
172, 141, 289
144, 160, 183
108, 149, 280
105, 117, 355
179, 151, 315
