-,-,-
-273, 79, -1007
-249, 88, -1065
-244, 87, -1024
-211, 142, -992
-78, 216, -1037
122, 380, -1128
122, 380, -1128
359, 584, -1149
597, 762, -1166
713, 922, -1054
614, 879, -900
414, 653, -738
179, 313, -638
-125, -215, -702
-608, -963, -757
-1009, -1632, -772
-1140, -1993, -916
-1143, -1998, -1040
-963, -1998, -1068
-533, -1955, -1049
7, -1435, -1068
360, -893, -1245
477, -390, -1368
535, 116, -1395
455, 417, -1319
521, 875, -1174
600, 1335, -1075
694, 1855, -1008
747, 1997, -717
747, 1997, -717
927, 1997, -289
962, 1956, -195
486, 1105, -591
54, 80, -965
-316, -767, -1316
-706, -1390, -1522
-862, -1516, -1638
-743, -1338, -1564
-577, -1035, -1444
-,-,-
221, 147, -943
342, 264, -954
467, 368, -1010
643, 520, -1081
786, 713, -1017
854, 743, -950
899, 724, -925
899, 724, -925
611, 454, -1046
213, 37, -1128
-282, -486, -1027
-563, -826, -853
-789, -1303, -888
-982, -1830, -920
-941, -1989, -909
-775, -1912, -855
-535, -1736, -805
-241, -1571, -909
-14, -1352, -1041
260, -911, -1087
474, -441, -1073
547, -30, -1088
281, 111, -1084
275, 518, -1166
450, 951, -1241
665, 1352, -1255
857, 1726, -1094
805, 1880, -729
694, 1789, -488
632, 1455, -461
632, 1455, -461
526, 1022, -501
390, 577, -630
168, 9, -1021
-219, -715, -1321
-494, -1009, -1333
-514, -1044, -1288
-542, -1119, -1503
-465, -1009, -1560
-369, -775, -1485
-195, -469, -1368
-,-,-
175, 264, -1063
172, 265, -1034
245, 304, -998
245, 304, -998
443, 435, -1026
637, 540, -1080
692, 587, -1007
679, 664, -879
489, 510, -944
119, 116, -1045
-146, -181, -1083
-300, -369, -963
-400, -534, -910
-644, -1023, -969
-840, -1450, -1025
-877, -1632, -1010
-805, -1687, -974
-662, -1671, -942
-405, -1502, -931
-94, -1174, -917
64, -861, -979
283, -421, -1053
371, 10, -1075
431, 456, -1076
431, 456, -1076
593, 872, -1149
773, 1242, -1153
937, 1599, -1006
950, 1756, -773
786, 1676, -516
570, 1415, -450
366, 985, -576
80, 421, -785
-172, -78, -977
-408, -662, -1409
-842, -1268, -1806
-1072, -1428, -1762
-919, -1136, -1557
-523, -640, -1337
-157, -207, -1189
38, 72, -1084
113, 269, -969
129, 346, -930
129, 346, -930
-,-,-
-160, -27, -905
-222, -4, -865
-181, 27, -849
-100, 96, -905
42, 191, -940
42, 191, -940
239, 321, -983
438, 454, -1030
694, 629, -1024
895, 805, -979
913, 844, -868
849, 744, -763
849, 744, -763
590, 495, -738
94, -87, -896
-483, -781, -1157
-961, -1372, -1330
-1245, -1784, -1331
-1282, -1908, -1318
-1149, -1852, -1222
-889, -1612, -1024
-520, -1283, -929
-187, -1016, -914
163, -386, -1013
163, -386, -1013
311, 54, -1006
446, 582, -980
524, 1003, -1064
924, 1548, -1164
1097, 1897, -978
939, 1728, -636
536, 1168, -541
207, 671, -683
-141, 177, -924
-537, -358, -1200
-774, -693, -1333
-822, -732, -1362
-655, -634, -1343
-,-,-
334, 91, -1120
326, 117, -1123
449, 229, -1130
502, 302, -1114
574, 378, -1045
574, 378, -1045
750, 512, -1009
785, 614, -908
572, 560, -815
336, 418, -789
-49, 6, -871
-338, -349, -1042
-535, -659, -1017
-676, -861, -965
-821, -1211, -995
-905, -1548, -1047
-846, -1662, -1041
-694, -1592, -1009
-468, -1470, -1015
-226, -1304, -1010
29, -989, -937
93, -638, -904
211, -249, -929
397, 243, -966
605, 824, -949
605, 824, -949
812, 1416, -1019
972, 1820, -1008
964, 1903, -876
728, 1572, -760
376, 1008, -764
0, 407, -994
-350, -181, -1156
-640, -653, -1298
-864, -990, -1452
-925, -1030, -1519
-761, -806, -1426
-478, -518, -1347
-,-,-
363, 16, -1270
263, 7, -1236
147, 73, -1187
79, 53, -1090
55, 94, -1014
55, 94, -1014
142, 152, -950
258, 218, -918
426, 282, -932
604, 404, -872
784, 546, -841
779, 617, -831
779, 617, -831
590, 483, -871
424, 305, -956
20, -13, -1109
-379, -323, -1181
-590, -479, -1106
-689, -623, -1048
-732, -804, -1073
-756, -1047, -1077
-752, -1220, -1087
-689, -1329, -1131
-598, -1380, -1189
-422, -1241, -1172
-254, -1042, -1104
-109, -820, -1039
61, -530, -981
216, -241, -912
458, 205, -916
748, 651, -977
998, 1135, -971
1103, 1540, -822
1049, 1607, -650
805, 1386, -639
458, 1001, -679
178, 606, -817
178, 606, -817
-92, 244, -1070
-369, -136, -1221
-585, -462, -1421
-730, -678, -1579
-742, -729, -1575
-613, -626, -1525
-400, -437, -1432
-,-,-
-121, 133, -942
-120, 132, -920
-130, 108, -959
-59, 135, -990
101, 211, -1013
308, 318, -1064
308, 318, -1064
501, 422, -1093
671, 511, -1037
776, 687, -884
785, 743, -783
667, 649, -762
540, 478, -824
339, 244, -909
-48, -136, -1059
-48, -136, -1059
-290, -350, -1030
-442, -528, -983
-638, -788, -1104
-910, -1188, -1143
-972, -1366, -1119
-798, -1247, -1051
-620, -1149, -1002
-399, -1010, -1006
-179, -772, -1044
-5, -556, -1063
97, -368, -1050
125, -292, -1059
183, -86, -1126
229, 178, -1121
229, 178, -1121
271, 452, -1100
288, 603, -1106
388, 744, -1061
394, 811, -1074
468, 902, -975
537, 950, -779
492, 807, -748
472, 739, -822
472, 739, -822
514, 654, -832
432, 527, -894
354, 427, -903
172, 168, -970
-156, -136, -1173
-354, -244, -1237
-417, -296, -1195
-444, -398, -1217
-456, -445, -1314
-462, -450, -1372
-412, -405, -1341
-,-,-
59, 213, -962
59, 213, -962
151, 265, -997
231, 325, -1017
344, 369, -1029
426, 441, -971
469, 459, -902
546, 463, -932
546, 463, -932
587, 478, -943
551, 498, -942
377, 361, -1004
84, 141, -1063
-44, -20, -1052
-132, -142, -1020
-369, -436, -1108
-581, -697, -1153
-659, -839, -1092
-629, -904, -1041
-709, -1028, -1054
-701, -1097, -1070
-606, -1071, -1109
-562, -1038, -1124
-544, -1012, -1114
-466, -907, -1076
-305, -776, -1003
-156, -604, -990
-20, -406, -1007
105, -199, -1033
217, -58, -1067
244, 72, -1056
337, 350, -1059
396, 550, -960
475, 707, -936
475, 707, -936
558, 782, -938
536, 838, -901
546, 939, -773
534, 967, -689
509, 934, -696
518, 908, -774
518, 908, -774
565, 884, -829
580, 839, -896
485, 674, -908
337, 436, -890
202, 179, -965
-120, -262, -1182
-535, -638, -1333
-749, -825, -1303
-776, -837, -1351
-630, -657, -1408
-445, -489, -1351
-262, -402, -1255
-149, -256, -1250
-,-,-
412, 241, -984
477, 216, -1031
596, 232, -1190
694, 310, -1165
580, 297, -1036
435, 208, -983
435, 208, -983
370, 248, -982
188, 116, -947
-35, -25, -1000
-314, -252, -1024
-530, -457, -986
-636, -581, -1005
-820, -811, -1077
-936, -1033, -1080
-886, -1124, -1025
-746, -1107, -974
-602, -1106, -974
-454, -1076, -988
-299, -1021, -996
-167, -911, -1036
-124, -876, -1124
-104, -793, -1147
53, -552, -1055
267, -224, -946
470, 145, -959
629, 450, -998
649, 616, -1003
737, 821, -1009
831, 998, -994
831, 998, -994
862, 1139, -874
886, 1209, -794
871, 1178, -764
785, 1042, -781
729, 923, -819
669, 761, -856
553, 550, -893
292, 269, -960
292, 269, -960
-79, -132, -1028
-384, -470, -1162
-693, -790, -1389
-855, -927, -1523
-870, -903, -1605
-778, -872, -1657
-675, -837, -1676
-547, -686, -1657
-,-,-
533, 229, -1023
607, 241, -1028
666, 278, -983
813, 290, -1012
1042, 356, -1048
1205, 360, -1067
916, 301, -1055
916, 301, -1055
494, 64, -974
200, -107, -803
-135, -358, -818
-538, -872, -940
-832, -1299, -1037
-997, -1514, -1060
-1053, -1617, -1115
-1103, -1744, -1142
-994, -1742, -1208
-729, -1532, -1168
-290, -1102, -1144
-86, -827, -1111
70, -655, -1074
249, -483, -1106
249, -483, -1106
666, 71, -1135
973, 615, -1025
1122, 943, -978
1194, 1224, -964
1134, 1479, -762
973, 1538, -668
810, 1492, -712
611, 1290, -786
457, 1074, -888
280, 841, -993
76, 407, -1054
76, 407, -1054
-268, -150, -1325
-572, -627, -1547
-801, -1003, -1697
-889, -1124, -1773
-801, -1049, -1736
-,-,-
-75, -358, -908
-86, -347, -971
-60, -323, -1021
-5, -178, -1016
76, -110, -1040
304, 30, -1103
560, 274, -1126
734, 439, -1105
756, 470, -1069
516, 301, -1060
221, 85, -1059
221, 85, -1059
-98, -98, -1049
-404, -368, -1014
-658, -557, -1031
-855, -840, -1017
-930, -998, -999
-930, -1082, -981
-910, -1186, -998
-861, -1290, -988
-683, -1203, -985
-467, -1032, -948
-321, -894, -925
-191, -769, -970
-93, -645, -1010
85, -340, -1016
269, 2, -1021
438, 360, -1026
634, 739, -1052
715, 987, -1058
783, 1171, -1058
783, 1287, -936
734, 1296, -805
734, 1296, -805
723, 1224, -780
635, 1036, -749
515, 837, -750
369, 524, -814
10, 2, -952
-417, -428, -1214
-755, -704, -1354
-1043, -987, -1418
-1042, -1043, -1607
-825, -874, -1659
-,-,-
759, 0, -1229
847, -35, -1551
847, -35, -1551
786, -3, -1459
655, 34, -1262
422, -3, -1086
28, -153, -1073
-225, -400, -1025
-287, -366, -953
-274, -361, -848
-436, -558, -967
-675, -837, -1015
-826, -1029, -1039
-869, -1161, -978
-853, -1245, -959
-796, -1329, -1007
-653, -1305, -1069
-468, -1143, -1059
-269, -948, -1022
-79, -742, -1009
67, -500, -1025
256, -196, -1032
350, 105, -979
456, 407, -982
681, 758, -987
889, 1122, -1015
907, 1271, -1069
907, 1271, -1069
825, 1300, -1059
708, 1265, -965
629, 1219, -888
532, 1060, -808
451, 823, -770
129, 394, -863
-286, -136, -1000
-694, -771, -1300
-924, -1087, -1519
-842, -1015, -1591
-,-,-
678, 129, -916
678, 129, -916
766, 212, -976
871, 69, -1200
1019, 97, -1493
1073, 93, -1586
905, 53, -1395
533, 41, -1167
114, -160, -1083
-266, -454, -1078
-578, -725, -1045
-768, -954, -993
-962, -1246, -971
-1045, -1493, -1035
-959, -1573, -1097
-782, -1509, -1100
-557, -1410, -1065
-352, -1344, -1064
-120, -1166, -1059
121, -843, -1023
203, -608, -992
183, -447, -1030
250, -170, -1035
376, 177, -1023
419, 586, -1099
488, 994, -1146
668, 1355, -1097
789, 1566, -1104
761, 1602, -1015
750, 1555, -736
750, 1555, -736
717, 1341, -556
570, 906, -609
501, 488, -738
406, 157, -881
68, -268, -1138
-457, -893, -1406
-881, -1148, -1409
-863, -954, -1317
-,-,-
545, -13, -1081
439, -190, -1028
255, -246, -1040
275, -160, -1154
388, 48, -1186
493, 223, -1094
434, 253, -1123
434, 253, -1123
210, 167, -1151
84, 61, -1073
152, 49, -1005
6, -148, -1010
-434, -602, -1141
-862, -995, -1159
-1061, -1220, -1099
-1133, -1449, -1112
-1124, -1585, -1119
-943, -1628, -1087
-654, -1545, -1075
-311, -1350, -1054
-81, -1161, -1116
98, -980, -1151
289, -714, -1150
422, -370, -1096
380, -121, -1103
348, 272, -1113
353, 839, -1098
533, 1279, -1141
896, 1629, -1300
1183, 1954, -1252
1162, 1997, -891
874, 1783, -600
632, 1235, -568
342, 623, -676
52, 144, -874
52, 144, -874
-247, -260, -1057
-560, -617, -1278
-734, -887, -1328
-,-,-
467, -115, -1227
465, -34, -1179
465, -34, -1179
494, 105, -987
529, 158, -1038
553, 180, -1183
599, 336, -1176
719, 520, -1154
774, 661, -1089
734, 560, -989
619, 366, -935
277, 96, -951
277, 96, -951
-306, -270, -1050
-777, -632, -1152
-1057, -952, -1181
-1173, -1123, -1130
-1157, -1278, -1129
-1004, -1378, -1101
-489, -1303, -1148
-287, -1182, -1119
-48, -981, -1109
114, -790, -1057
192, -540, -1001
162, -401, -1051
81, -316, -1074
218, -4, -1104
218, -4, -1104
441, 407, -1117
731, 757, -1208
1069, 1280, -1206
1368, 1775, -910
1310, 1890, -700
1029, 1653, -694
653, 1227, -795
256, 782, -921
-131, 355, -1046
-387, -4, -1177
-474, -221, -1192
-590, -509, -1274
-780, -765, -1438
-,-,-
-146, -335, -1037
-150, -292, -1086
-73, -152, -1131
-12, -19, -1152
91, 98, -1134
289, 215, -1149
545, 345, -1173
795, 507, -1240
931, 595, -1227
927, 579, -1099
801, 529, -927
509, 409, -806
509, 409, -806
194, 203, -737
-248, -183, -919
-736, -532, -1071
-1062, -762, -1121
-1218, -967, -1094
-1291, -1152, -1069
-1247, -1294, -1135
-829, -1250, -1139
-546, -1109, -1130
-294, -1022, -1172
-117, -812, -1204
-21, -661, -1142
75, -463, -1052
213, -175, -967
393, 161, -952
393, 161, -952
543, 468, -963
717, 666, -1062
894, 915, -1092
1035, 1249, -932
1069, 1436, -817
984, 1326, -863
900, 1162, -957
833, 1003, -965
674, 767, -984
329, 321, -1122
329, 321, -1122
-92, -117, -1265
-434, -343, -1270
-820, -665, -1290
-1024, -839, -1448
-963, -795, -1496
-,-,-
142, 332, -1035
22, 270, -1029
-23, 262, -1102
9, 258, -1055
197, 258, -1028
464, 354, -1143
682, 429, -1179
682, 429, -1179
867, 458, -1136
897, 406, -1074
660, 242, -898
196, 2, -902
-326, -365, -974
-724, -720, -984
-943, -983, -926
-1129, -1283, -866
-1192, -1464, -838
-1046, -1475, -804
-772, -1459, -845
-475, -1393, -994
-169, -1188, -1159
42, -963, -1196
130, -696, -1150
151, -459, -1098
214, -232, -1016
349, 124, -927
574, 727, -927
818, 1311, -947
1116, 1708, -1012
1284, 1903, -926
1284, 1903, -926
1249, 1910, -741
1035, 1695, -609
812, 1424, -594
718, 1185, -683
571, 878, -747
246, 383, -917
-203, -160, -1121
-468, -511, -1346
-627, -806, -1474
-651, -932, -1539
-,-,-
231, 167, -922
231, 167, -922
147, 127, -869
97, 231, -869
77, 297, -941
161, 381, -993
232, 484, -1015
232, 484, -1015
222, 479, -1086
266, 498, -1166
374, 548, -1194
465, 568, -1063
582, 628, -969
653, 748, -870
597, 655, -793
327, 304, -862
327, 304, -862
42, 1, -867
-263, -299, -868
-558, -651, -989
-826, -977, -1093
-969, -1253, -1145
-963, -1479, -1193
-850, -1568, -1263
-641, -1450, -1268
-429, -1263, -1302
-102, -986, -1186
249, -565, -1031
474, -133, -892
673, 486, -746
868, 1162, -556
1061, 1558, -531
1210, 1755, -633
1280, 1834, -645
1085, 1702, -675
678, 1375, -844
432, 953, -997
257, 572, -1008
-142, 12, -1187
-142, 12, -1187
-919, -857, -1718
-1404, -1462, -1960
-860, -875, -1685
-,-,-
304, 186, -985
208, 241, -958
208, 241, -958
201, 334, -915
263, 421, -907
367, 470, -912
529, 483, -906
732, 580, -954
744, 631, -933
744, 631, -933
679, 585, -802
544, 409, -838
186, 172, -1039
-117, -26, -1094
-251, -129, -1000
-413, -320, -1035
-678, -708, -1136
-819, -887, -1145
-779, -979, -1145
-689, -1082, -1165
-543, -1243, -1260
-344, -1176, -1328
-154, -1020, -1267
-17, -844, -1107
3, -671, -1110
-55, -540, -1101
-60, -330, -960
6, -62, -776
217, 516, -690
457, 1232, -759
648, 1669, -849
648, 1669, -849
819, 1750, -891
1015, 1780, -829
1023, 1620, -755
865, 1351, -672
645, 1000, -612
525, 701, -698
459, 470, -871
178, 145, -1062
-183, -300, -1242
-449, -541, -1312
-680, -747, -1421
-752, -836, -1517
-636, -743, -1498
-446, -600, -1338
-,-,-
406, 223, -870
423, 220, -854
423, 220, -854
383, 227, -914
298, 163, -910
260, 117, -907
322, 219, -894
385, 309, -895
501, 353, -921
501, 353, -921
820, 453, -958
1122, 573, -939
1184, 565, -898
1063, 414, -937
791, 231, -974
385, 62, -1035
-202, -283, -1190
-759, -617, -1314
-1036, -750, -1296
-1038, -751, -1202
-907, -842, -1103
-724, -1015, -1056
-484, -1110, -1077
-234, -1093, -1139
-156, -1087, -1165
-127, -1069, -1151
-45, -967, -1099
45, -739, -1104
114, -505, -1103
183, -161, -1093
307, 355, -951
432, 839, -775
657, 1256, -838
969, 1634, -933
1162, 1953, -887
1162, 1953, -887
1097, 1965, -742
833, 1708, -607
577, 1255, -627
435, 828, -726
245, 421, -924
60, 24, -1061
-51, -226, -1178
-327, -508, -1392
-566, -727, -1452
-,-,-
255, 248, -933
263, 317, -949
287, 416, -889
346, 463, -882
346, 463, -882
371, 467, -915
469, 573, -915
700, 691, -888
961, 758, -901
1090, 688, -882
899, 464, -897
899, 464, -897
318, -25, -1053
-256, -438, -1128
-559, -641, -1165
-805, -913, -1252
-980, -1182, -1316
-966, -1351, -1296
-845, -1441, -1247
-381, -1262, -1117
-139, -1071, -1067
-24, -855, -1054
71, -628, -1035
99, -429, -961
99, -429, -961
52, -189, -945
236, 313, -855
557, 994, -707
935, 1608, -677
1189, 1949, -747
1247, 1997, -720
1044, 1858, -657
725, 1362, -727
540, 897, -858
540, 897, -858
393, 471, -1014
26, -70, -1219
-378, -597, -1337
-622, -858, -1386
-649, -814, -1432
-608, -676, -1391
-425, -436, -1257
-227, -211, -1109
-176, -125, -1061
-146, -58, -1066
-,-,-
15, -105, -1006
15, -105, -1006
34, -34, -1044
84, 79, -1001
195, 264, -1012
378, 389, -1061
619, 597, -1060
940, 822, -1064
1175, 985, -1058
1179, 937, -970
1076, 683, -814
1076, 683, -814
747, 329, -744
96, -156, -878
-291, -407, -1007
-537, -602, -1064
-795, -884, -1196
-935, -1078, -1325
-875, -1142, -1279
-711, -1127, -1174
-619, -1180, -1102
-524, -1236, -1090
-402, -1165, -1139
-186, -895, -1050
-106, -738, -1069
53, -506, -1087
273, -242, -1061
273, -242, -1061
464, 174, -994
583, 692, -955
680, 1103, -968
827, 1282, -984
950, 1290, -970
1035, 1292, -869
926, 1072, -713
803, 860, -689
836, 802, -778
756, 802, -798
756, 615, -798
371, 296, -944
-183, -79, -1217
-625, -272, -1319
-917, -523, -1374
-1006, -712, -1545
-814, -661, -1538
-,-,-
149, -230, -805
247, -119, -799
247, -119, -799
412, 103, -827
555, 277, -945
798, 526, -1051
913, 774, -1044
990, 878, -932
1032, 882, -792
927, 677, -723
537, 323, -852
537, 323, -852
-66, -182, -1109
-485, -582, -1271
-742, -888, -1325
-896, -1174, -1323
-948, -1358, -1322
-850, -1402, -1305
-771, -1472, -1346
-586, -1326, -1248
-338, -1032, -1094
-139, -769, -1029
9, -523, -1010
148, -239, -985
148, -239, -985
341, 173, -803
692, 652, -691
1155, 1171, -809
1546, 1665, -945
1618, 1813, -905
1396, 1641, -873
1021, 1253, -905
633, 896, -962
208, 420, -1018
-243, -68, -1098
-748, -585, -1354
-997, -816, -1495
-999, -831, -1456
-819, -673, -1382
-484, -409, -1302
-,-,-
277, -40, -926
349, 159, -896
401, 201, -968
401, 201, -968
561, 347, -1036
802, 559, -1039
955, 673, -941
981, 644, -803
971, 598, -726
620, 362, -844
25, -164, -1074
25, -164, -1074
-423, -469, -1240
-670, -681, -1265
-844, -942, -1264
-983, -1194, -1268
-788, -1410, -1219
-569, -1411, -1188
-308, -1293, -1143
-10, -1015, -1103
182, -750, -1040
232, -552, -1056
270, -286, -1019
397, 128, -828
638, 638, -708
638, 638, -708
981, 1256, -720
1254, 1800, -680
1342, 1997, -627
1103, 1786, -690
760, 1372, -793
510, 893, -832
94, 286, -1125
-520, -363, -1520
-844, -659, -1642
-854, -716, -1618
-782, -720, -1548
-625, -607, -1335
-437, -456, -1151
-333, -306, -1091
-,-,-
1, 19, -1025
-8, 103, -958
-8, 103, -958
35, 169, -884
145, 282, -835
310, 454, -879
624, 656, -856
935, 845, -776
935, 845, -737
1068, 884, -737
1030, 804, -771
804, 563, -855
326, 196, -979
-113, -159, -1097
-412, -445, -1224
-685, -773, -1314
-875, -1114, -1439
-953, -1357, -1433
-819, -1361, -1342
-591, -1319, -1288
-436, -1281, -1260
-351, -1255, -1216
-225, -1085, -1146
-105, -909, -1102
33, -667, -1075
157, -400, -1013
297, 23, -907
453, 488, -767
797, 1011, -676
1188, 1492, -716
1416, 1790, -822
1423, 1820, -807
1238, 1570, -814
975, 1186, -838
648, 780, -896
335, 389, -1006
-56, -91, -1098
-56, -91, -1098
-622, -700, -1366
-,-,-
-75, -94, -843
41, -51, -882
41, -51, -882
301, 225, -985
479, 419, -1011
659, 558, -963
790, 758, -910
764, 799, -888
735, 704, -931
735, 704, -931
679, 594, -975
457, 392, -1016
50, 41, -1124
-398, -381, -1204
-622, -600, -1127
-620, -776, -1062
-662, -1055, -1152
-701, -1317, -1254
-642, -1441, -1340
-602, -1490, -1360
-530, -1425, -1284
-349, -1258, -1207
-130, -988, -1097
-6, -745, -1006
59, -497, -982
207, -126, -917
420, 327, -876
806, 880, -905
1399, 1666, -840
1814, 1997, -652
1807, 1997, -591
1308, 1739, -647
744, 1025, -843
198, 341, -1150
198, 341, -1150
-491, -340, -1372
-1011, -880, -1435
-1217, -1106, -1531
-917, -856, -1441
-493, -517, -1263
-163, -228, -1201
-,-,-
536, 44, -1046
536, 44, -1046
468, -93, -1184
427, -26, -1113
387, 2, -1016
301, -48, -980
317, -23, -906
419, 91, -879
419, 91, -879
421, 120, -918
105, -109, -1065
-217, -269, -1123
-335, -400, -1110
-380, -571, -1130
-454, -643, -1185
-622, -817, -1161
-808, -1072, -1202
-808, -1297, -1194
-685, -1249, -1166
-502, -1184, -1099
-305, -1049, -1092
-121, -887, -1087
11, -723, -1060
90, -562, -1016
102, -370, -954
176, -35, -882
227, 312, -854
375, 665, -914
709, 1044, -955
994, 1398, -963
1028, 1560, -961
926, 1512, -868
929, 1430, -746
929, 1430, -746
881, 1274, -782
711, 1016, -803
329, 527, -917
56, 103, -989
-255, -305, -1113
-874, -934, -1543
-1247, -1269, -1799
-1134, -1219, -1767
-,-,-
125, -20, -816
125, -20, -816
140, 56, -840
277, 179, -900
593, 348, -927
985, 555, -1127
1186, 633, -1193
932, 557, -1019
596, 332, -906
596, 332, -906
239, 54, -1038
-180, -331, -1244
-591, -714, -1327
-864, -1070, -1336
-1014, -1308, -1268
-1018, -1496, -1164
-811, -1575, -1206
-561, -1361, -1198
-304, -1110, -1144
-121, -949, -1157
19, -782, -1155
89, -650, -1082
190, -424, -977
190, -424, -977
365, -85, -945
560, 364, -910
784, 730, -931
1126, 1280, -911
1426, 1918, -768
1513, 1997, -689
1385, 1997, -649
1056, 1730, -700
736, 1147, -767
285, 487, -970
-446, -315, -1263
-1004, -932, -1574
-1009, -1006, -1688
-833, -911, -1616
-619, -723, -1446
-233, -456, -1237
14, -190, -1122
-,-,-
469, 49, -1070
431, 53, -1135
351, 122, -1161
351, 122, -1161
321, 216, -1114
431, 350, -1038
663, 555, -906
952, 741, -950
1033, 742, -1036
821, 537, -935
462, 240, -857
84, -28, -958
84, -28, -958
-244, -340, -1082
-478, -629, -1106
-637, -887, -1098
-790, -1177, -1185
-880, -1434, -1228
-786, -1565, -1255
-453, -1455, -1279
-243, -1315, -1212
38, -1115, -1156
263, -913, -1157
312, -746, -1153
252, -548, -1081
210, -385, -955
210, -385, -955
278, -68, -870
595, 681, -744
1003, 1460, -662
1261, 1857, -796
1288, 1972, -922
1075, 1812, -943
755, 1576, -993
457, 1254, -926
276, 958, -1005
147, 543, -969
-270, -118, -1104
-,-,-
282, 113, -1046
441, 273, -1103
473, 407, -1180
553, 479, -1214
667, 595, -1143
756, 659, -1073
768, 657, -1034
720, 568, -1014
720, 568, -1014
600, 404, -925
346, 133, -821
-19, -214, -888
-471, -709, -982
-800, -1057, -1083
-936, -1303, -1154
-993, -1504, -1215
-1001, -1683, -1253
-884, -1682, -1275
-632, -1502, -1279
-309, -1233, -1234
202, -707, -1125
300, -506, -1088
300, -506, -1088
347, -278, -1034
383, 0, -922
519, 401, -830
699, 868, -746
895, 1316, -723
1170, 1805, -661
1364, 1997, -683
1318, 1992, -684
948, 1543, -784
548, 900, -943
548, 900, -943
243, 447, -1065
-190, -177, -1258
-799, -835, -1569
-1042, -1060, -1683
-943, -954, -1594
-696, -756, -1405
-408, -522, -1216
-217, -307, -1092
-178, -193, -1018
-151, -110, -944
-,-,-
472, 266, -975
646, 287, -1069
796, 369, -1123
911, 515, -1223
964, 568, -1224
1024, 586, -1005
1093, 630, -835
861, 444, -855
495, 148, -914
226, -114, -972
226, -114, -972
-147, -513, -1133
-527, -843, -1277
-644, -995, -1264
-662, -1084, -1258
-683, -1305, -1276
-689, -1589, -1251
-555, -1458, -1175
-401, -1255, -1093
-206, -1097, -1044
5, -946, -1049
129, -770, -1076
152, -605, -1065
197, -406, -1017
325, -7, -924
325, -7, -924
586, 605, -786
904, 1152, -765
1232, 1541, -951
1356, 1853, -1070
1236, 1818, -1069
954, 1502, -1052
643, 1108, -966
337, 665, -877
-147, 41, -1069
-581, -460, -1290
-721, -629, -1290
-676, -663, -1211
-591, -641, -1257
-455, -572, -1248
-299, -442, -1141
-167, -283, -1095
-,-,-
-23, -13, -828
20, -79, -918
66, -99, -934
66, -99, -934
111, -33, -993
148, 12, -1000
190, 86, -978
274, 214, -991
378, 347, -1003
574, 556, -991
574, 556, -991
890, 823, -990
1181, 1024, -981
1199, 937, -880
993, 660, -758
546, 223, -822
-17, -264, -1059
-382, -527, -1214
-611, -711, -1212
-789, -910, -1294
-905, -1166, -1348
-912, -1379, -1294
-783, -1444, -1278
-645, -1393, -1256
-505, -1244, -1174
-356, -1104, -1107
-175, -967, -1060
-24, -831, -1036
100, -595, -1000
191, -379, -941
264, -117, -900
432, 284, -885
736, 831, -944
1119, 1298, -1083
1520, 1734, -1143
1657, 1893, -1043
1444, 1665, -910
946, 1255, -931
469, 750, -1011
58, 207, -1086
58, 207, -1086
-293, -197, -1204
-590, -609, -1378
-,-,-
92, -13, -811
122, -75, -994
102, -116, -1043
62, -109, -984
85, 24, -995
85, 24, -995
199, 164, -1014
398, 354, -933
650, 649, -931
839, 765, -1026
844, 674, -1042
790, 544, -983
562, 390, -971
562, 390, -971
115, 14, -994
-308, -335, -1016
-480, -541, -1002
-571, -720, -1089
-639, -911, -1252
-699, -1147, -1340
-719, -1298, -1313
-687, -1333, -1224
-626, -1314, -1205
-511, -1299, -1212
-127, -1088, -1182
26, -859, -1170
26, -859, -1170
187, -607, -1096
381, -267, -1016
595, 226, -948
853, 968, -857
1092, 1611, -898
1304, 1894, -993
1447, 1994, -876
1459, 1874, -683
1220, 1468, -671
929, 1074, -696
675, 817, -790
85, 166, -997
85, 166, -997
-780, -700, -1252
-1243, -1059, -1469
-1321, -1101, -1566
-655, -650, -1407
-169, -253, -1193
-,-,-
91, -66, -1008
53, -17, -980
7, 34, -971
53, 144, -976
53, 144, -976
186, 303, -1017
311, 507, -1017
431, 665, -961
600, 734, -883
795, 775, -882
825, 809, -897
749, 707, -865
749, 707, -865
682, 572, -805
520, 376, -793
156, 62, -966
-310, -296, -1160
-551, -541, -1167
-659, -758, -1154
-779, -1045, -1256
-804, -1228, -1319
-716, -1265, -1310
-572, -1243, -1254
-421, -1157, -1239
-189, -1031, -1211
28, -860, -1177
152, -712, -1133
179, -519, -1083
240, -333, -1021
365, -83, -989
570, 512, -924
884, 1269, -850
1288, 1809, -836
1466, 1955, -878
1370, 1859, -811
1049, 1478, -719
826, 1110, -770
694, 822, -801
694, 822, -801
387, 373, -830
-379, -409, -1114
-1054, -1009, -1488
-1283, -1150, -1651
-1105, -992, -1572
-704, -658, -1320
-244, -339, -1093
-,-,-
266, 148, -983
153, 102, -940
153, 102, -940
87, 151, -956
13, 188, -965
33, 237, -998
145, 276, -988
210, 447, -971
210, 447, -971
401, 635, -1021
721, 780, -1003
961, 866, -908
833, 652, -856
427, 233, -901
-18, -173, -1018
-284, -411, -1062
-425, -582, -1065
-594, -871, -1077
-763, -1115, -1109
-789, -1242, -1125
-645, -1331, -1130
-524, -1352, -1152
-419, -1257, -1148
-292, -1130, -1104
-191, -1023, -1061
-3, -809, -1060
193, -553, -1081
312, -254, -1102
375, 164, -1042
514, 744, -881
716, 1181, -859
897, 1531, -948
1101, 1841, -868
1224, 1956, -739
1050, 1725, -686
667, 1297, -730
477, 857, -727
477, 857, -727
373, 439, -825
-24, -156, -1170
-,-,-
755, 568, -985
772, 592, -976
695, 555, -910
629, 490, -824
732, 460, -834
835, 366, -946
835, 366, -946
735, 205, -967
511, 35, -915
123, -307, -987
-363, -789, -1048
-718, -1237, -1087
-934, -1519, -1130
-1041, -1687, -1170
-1035, -1774, -1221
-884, -1685, -1254
-604, -1497, -1252
-230, -1174, -1232
63, -853, -1206
275, -563, -1200
423, -286, -1194
505, -14, -1157
595, 245, -1052
778, 674, -970
973, 1180, -925
1160, 1559, -848
1440, 1890, -706
1507, 1855, -625
1117, 1341, -670
680, 905, -782
310, 584, -847
310, 584, -847
-140, 86, -999
-538, -384, -1283
-,-,-
507, 381, -985
507, 381, -985
540, 467, -1042
630, 556, -990
757, 563, -943
860, 579, -1021
835, 578, -1049
735, 560, -911
566, 430, -753
566, 430, -753
194, 110, -753
-133, -257, -803
-367, -605, -938
-617, -966, -1107
-873, -1223, -1211
-998, -1457, -1267
-1014, -1557, -1365
-916, -1536, -1349
-697, -1352, -1253
-173, -890, -1027
13, -695, -963
13, -695, -963
160, -523, -948
302, -291, -947
420, -35, -974
570, 302, -1011
666, 586, -1036
844, 821, -1089
1173, 1213, -1070
1395, 1669, -926
1426, 1796, -819
1313, 1568, -829
1172, 1258, -836
842, 770, -894
842, 770, -894
136, 7, -1140
-593, -687, -1436
-978, -1050, -1574
-970, -1064, -1545
-732, -933, -1460
-481, -774, -1381
-,-,-
490, 172, -1033
609, 164, -1121
489, 47, -1137
403, -7, -1130
403, -7, -1130
316, 0, -1041
245, 96, -962
237, 134, -967
334, 278, -1028
607, 551, -1115
894, 863, -1078
894, 863, -1078
1006, 898, -908
865, 738, -758
509, 414, -818
-19, -100, -1048
-433, -486, -1176
-722, -789, -1231
-916, -1029, -1229
-968, -1252, -1193
-919, -1386, -1176
-767, -1405, -1184
-573, -1304, -1203
-362, -1141, -1173
-110, -926, -1107
80, -694, -1041
103, -527, -991
73, -358, -935
150, -91, -846
376, 278, -847
666, 720, -909
1001, 1416, -929
1348, 1960, -890
1453, 1996, -881
1259, 1762, -827
919, 1272, -790
919, 1272, -790
530, 716, -826
4, 41, -983
-429, -463, -1166
-605, -674, -1313
-780, -863, -1481
-908, -1012, -1616
-771, -887, -1530
-,-,-
69, -56, -858
180, -25, -891
255, 55, -919
281, 117, -943
293, 217, -958
281, 282, -925
281, 282, -925
361, 336, -907
505, 438, -967
638, 543, -1002
749, 624, -989
807, 643, -993
613, 520, -1015
149, 125, -1135
149, 125, -1135
-274, -251, -1191
-538, -529, -1201
-696, -749, -1207
-788, -905, -1184
-846, -1092, -1162
-716, -1352, -1114
-572, -1327, -1095
-371, -1206, -1075
-110, -1018, -1055
110, -786, -1021
191, -601, -990
205, -423, -976
284, -108, -975
409, 302, -961
409, 302, -961
739, 698, -995
1203, 1162, -1067
1395, 1563, -1028
1376, 1779, -889
1335, 1745, -798
1120, 1395, -824
755, 938, -845
240, 287, -962
-212, -242, -1050
-557, -640, -1123
-1041, -1040, -1400
-1214, -1181, -1614
-987, -1006, -1565
-574, -675, -1398
-,-,-
154, 65, -734
362, 88, -1027
432, 68, -1103
401, 47, -1127
401, 47, -1127
268, -24, -1125
178, -46, -1074
152, 37, -1011
177, 86, -944
265, 208, -957
341, 400, -971
641, 571, -954
641, 571, -954
1098, 802, -1024
1201, 937, -1056
920, 728, -983
563, 388, -898
177, 61, -924
-246, -332, -1030
-695, -779, -1151
-1010, -1140, -1256
-1082, -1354, -1298
-996, -1467, -1247
-864, -1491, -1180
-655, -1345, -1195
-394, -1143, -1181
-154, -875, -1126
-18, -681, -1072
47, -483, -1073
104, -313, -1022
291, -50, -985
505, 261, -942
699, 570, -929
910, 877, -902
1099, 1196, -866
1192, 1480, -772
1121, 1498, -743
883, 1202, -819
883, 1202, -819
626, 826, -967
321, 450, -1098
-172, -78, -1290
-783, -632, -1462
-1036, -935, -1547
-876, -928, -1551
-,-,-
506, 202, -872
643, 244, -885
796, 336, -924
875, 373, -985
862, 428, -1016
879, 464, -987
849, 556, -920
849, 556, -920
787, 589, -911
662, 518, -942
583, 349, -909
347, 91, -993
-117, -313, -1121
-509, -653, -1227
-743, -902, -1270
-878, -1101, -1314
-893, -1213, -1359
-812, -1258, -1334
-651, -1200, -1258
-418, -1084, -1169
-146, -872, -1080
95, -655, -995
221, -498, -1026
304, -322, -1060
393, -73, -984
499, 208, -869
610, 490, -829
610, 490, -829
872, 841, -854
1143, 1261, -801
1391, 1599, -724
1408, 1723, -678
1145, 1466, -650
873, 1151, -715
615, 789, -805
150, 162, -992
-408, -430, -1338
-748, -783, -1578
-,-,-
-94, 0, -905
-76, -28, -913
4, 39, -919
82, 109, -911
82, 109, -911
277, 194, -902
533, 415, -875
699, 578, -943
836, 622, -1036
978, 664, -1069
1004, 639, -981
730, 402, -887
730, 402, -887
316, 93, -888
-96, -253, -991
-532, -587, -1103
-900, -920, -1212
-1045, -1151, -1276
-964, -1195, -1267
-812, -1189, -1231
-652, -1146, -1233
-473, -1050, -1201
-161, -828, -1157
-31, -664, -1107
-31, -664, -1107
62, -465, -1055
122, -302, -1000
300, 3, -964
503, 459, -875
650, 853, -838
772, 1063, -901
911, 1200, -1015
1018, 1295, -990
967, 1326, -851
939, 1309, -761
939, 1309, -761
932, 1199, -780
879, 929, -826
654, 517, -911
212, 0, -1064
-505, -700, -1372
-1028, -1168, -1541
-1103, -1089, -1508
-907, -856, -1415
-574, -558, -1268
-242, -253, -1126
-37, -85, -1087
-,-,-
71, -85, -787
241, -81, -967
318, -55, -1086
318, -55, -1086
397, -35, -1066
412, 10, -981
500, 147, -945
560, 265, -981
616, 447, -1012
722, 602, -958
789, 701, -875
789, 701, -875
821, 772, -849
830, 837, -875
714, 651, -910
377, 246, -1028
-62, -190, -1142
-342, -491, -1187
-436, -795, -1179
-610, -1140, -1273
-779, -1436, -1321
-818, -1530, -1314
-781, -1499, -1295
-739, -1386, -1251
-558, -1212, -1177
-268, -939, -1086
-20, -687, -1014
97, -495, -991
168, -288, -1010
258, -50, -978
358, 165, -926
561, 422, -920
915, 896, -941
1240, 1382, -888
1240, 1382, -888
1388, 1598, -849
1341, 1544, -834
1038, 1264, -816
687, 909, -888
274, 493, -1012
-243, 19, -1114
-685, -446, -1313
-976, -826, -1579
-966, -897, -1701
-,-,-
169, -16, -928
152, -25, -998
190, 39, -996
232, 100, -1038
212, 189, -1049
212, 189, -1049
175, 247, -984
111, 245, -929
63, 281, -909
33, 329, -919
104, 386, -932
248, 448, -940
248, 448, -940
414, 569, -1001
577, 716, -1052
720, 823, -1028
746, 837, -936
561, 652, -849
238, 304, -914
-116, -73, -1036
-338, -390, -1136
-469, -698, -1165
-511, -852, -1158
-571, -1036, -1191
-599, -1177, -1295
-651, -1237, -1336
-592, -1176, -1225
-365, -1014, -1100
-89, -788, -1035
66, -622, -996
236, -444, -958
360, -237, -928
401, -50, -934
401, -50, -934
434, 176, -981
624, 634, -898
864, 1206, -772
1059, 1647, -662
1206, 1925, -609
1170, 1935, -591
866, 1597, -607
562, 1100, -656
403, 708, -762
170, 284, -985
170, 284, -985
-385, -371, -1410
-873, -880, -1735
-932, -1005, -1804
-744, -851, -1677
-461, -623, -1456
-209, -386, -1253
9, -194, -1156
-,-,-
413, 370, -937
413, 370, -937
446, 285, -984
568, 380, -989
600, 374, -1048
593, 384, -1066
651, 419, -997
791, 445, -849
791, 445, -849
903, 396, -821
824, 207, -928
505, -116, -1059
128, -434, -1073
-237, -745, -1029
-617, -1090, -1047
-882, -1416, -1148
-988, -1636, -1269
-942, -1688, -1351
-767, -1552, -1328
-539, -1341, -1246
-324, -1153, -1192
109, -750, -1223
109, -750, -1223
288, -481, -1160
398, -190, -1045
511, 116, -921
667, 566, -833
857, 1023, -806
1200, 1476, -798
1556, 1837, -735
1687, 1992, -554
1378, 1826, -467
968, 1317, -542
714, 853, -659
201, 210, -926
-701, -710, -1481
-1397, -1413, -1970
-,-,-
387, 163, -942
415, 195, -989
344, 124, -1004
248, 107, -1035
192, 139, -1026
192, 139, -1026
120, 133, -1063
112, 159, -1077
181, 287, -1042
462, 544, -1089
778, 772, -1123
882, 756, -1056
751, 538, -956
432, 264, -879
32, -85, -894
32, -85, -894
-286, -347, -949
-515, -606, -1016
-745, -785, -1170
-864, -927, -1198
-902, -1061, -1131
-803, -1180, -1077
-650, -1198, -1122
-503, -1133, -1193
-82, -915, -1238
-82, -915, -1238
63, -789, -1194
146, -672, -1095
251, -506, -1030
336, -263, -976
366, -29, -912
493, 288, -832
736, 760, -794
881, 1118, -826
1121, 1402, -900
1387, 1649, -868
1363, 1592, -848
990, 1273, -875
990, 1273, -875
475, 837, -880
-80, 361, -978
-630, -181, -1228
-991, -627, -1503
-,-,-
153, -42, -1031
204, 10, -1001
136, -20, -981
170, 39, -959
210, 168, -959
210, 168, -959
313, 361, -942
546, 562, -890
925, 729, -863
1308, 924, -972
1259, 934, -954
876, 806, -851
478, 444, -831
478, 444, -831
-45, -51, -956
-541, -556, -1129
-818, -816, -1230
-851, -858, -1315
-802, -891, -1374
-720, -952, -1327
-586, -1029, -1246
-548, -1109, -1290
-497, -1119, -1312
-369, -1090, -1232
-93, -1051, -1155
68, -993, -1144
68, -993, -1144
261, -809, -1082
429, -534, -1034
573, -172, -1030
644, 284, -1047
694, 775, -1029
911, 1238, -960
1257, 1703, -901
1483, 1944, -863
1403, 1915, -721
1125, 1557, -646
801, 1101, -698
358, 504, -878
-206, -166, -1139
-704, -730, -1453
-960, -1104, -1622
-,-,-
51, -2, -926
47, -30, -943
-14, -59, -981
-14, -59, -981
1, -44, -972
91, 57, -980
207, 182, -990
291, 331, -979
291, 331, -979
393, 514, -932
536, 646, -900
697, 736, -863
776, 784, -807
760, 755, -814
664, 683, -856
451, 444, -940
451, 444, -940
95, 114, -1092
-229, -163, -1164
-417, -364, -1177
-620, -655, -1289
-774, -927, -1389
-774, -1149, -1373
-700, -1208, -1297
-605, -1210, -1209
-510, -1223, -1172
-308, -1087, -1156
113, -695, -1040
113, -695, -1040
269, -502, -1002
367, -287, -1015
447, -24, -1044
527, 332, -1052
585, 697, -1003
640, 910, -1003
793, 1108, -1014
934, 1352, -908
1037, 1469, -735
1032, 1415, -674
875, 1163, -743
765, 881, -809
648, 663, -869
648, 663, -869
393, 302, -921
-174, -302, -1195
-,-,-
314, 76, -984
310, 16, -972
360, 90, -981
367, 155, -988
328, 214, -966
328, 214, -966
341, 269, -957
410, 399, -917
529, 591, -937
676, 763, -931
813, 817, -903
794, 702, -876
794, 702, -876
594, 416, -917
224, 25, -1028
-145, -285, -1133
-409, -524, -1233
-596, -769, -1284
-703, -940, -1319
-787, -1098, -1351
-795, -1219, -1316
-712, -1266, -1265
-548, -1237, -1236
-339, -1132, -1194
-183, -1062, -1142
203, -786, -1053
343, -575, -983
343, -575, -983
452, -322, -926
611, -32, -958
817, 347, -1067
987, 815, -1036
1292, 1531, -890
1637, 1992, -797
1613, 1997, -854
1122, 1669, -878
515, 1012, -908
-117, 335, -1031
-656, -262, -1206
-1002, -782, -1449
-,-,-
79, 157, -802
180, 144, -870
298, 170, -908
408, 266, -936
587, 421, -976
587, 421, -976
637, 471, -952
593, 457, -953
537, 438, -983
517, 464, -988
516, 502, -935
534, 499, -887
534, 499, -887
514, 438, -893
366, 267, -953
41, -42, -1135
-257, -342, -1222
-375, -511, -1185
-471, -744, -1208
-606, -1036, -1259
-719, -1309, -1282
-738, -1395, -1259
-718, -1375, -1213
-676, -1296, -1161
-535, -1125, -1077
-315, -897, -993
-68, -665, -946
115, -427, -947
284, -182, -990
527, 180, -1014
779, 648, -971
1019, 1078, -1026
1311, 1476, -1115
1622, 1788, -1095
1702, 1895, -1008
1418, 1582, -944
1024, 1039, -909
384, 299, -1056
-395, -490, -1373
-933, -1143, -1612
-1220, -1525, -1731
-,-,-
403, 294, -1080
303, 252, -1054
157, 181, -1021
62, 149, -1021
-23, 134, -1050
-74, 124, -1082
-105, 145, -1071
-86, 215, -1036
-86, 215, -1036
0, 321, -1022
171, 434, -983
415, 601, -914
690, 833, -949
818, 993, -936
883, 875, -873
883, 875, -896
898, 741, -896
564, 383, -974
123, 21, -1030
-185, -278, -1088
-455, -605, -1181
-654, -877, -1258
-754, -1165, -1297
-782, -1397, -1259
-785, -1508, -1223
-737, -1448, -1148
-565, -1279, -1108
-299, -1024, -1127
-59, -803, -1144
75, -637, -1142
109, -501, -1113
168, -356, -1040
298, -107, -998
488, 206, -981
684, 638, -973
791, 1005, -976
937, 1257, -985
1271, 1633, -886
1432, 1832, -763
1209, 1613, -677
840, 1186, -776
564, 770, -900
564, 770, -900
177, 290, -1077
-406, -331, -1301
-,-,-
194, -2, -1060
91, 34, -990
91, 34, -990
27, 46, -960
-17, 77, -952
-66, 116, -934
-66, 116, -934
-43, 228, -913
21, 341, -901
175, 431, -919
375, 554, -948
532, 687, -1009
591, 742, -1004
586, 699, -900
586, 699, -900
593, 654, -805
547, 563, -872
297, 247, -1065
22, -110, -1166
-120, -469, -1130
-337, -914, -1175
-582, -1299, -1268
-729, -1539, -1284
-871, -1692, -1326
-883, -1691, -1348
-653, -1430, -1296
-312, -1098, -1166
-8, -796, -1059
206, -544, -1026
319, -324, -992
401, -118, -962
544, 263, -941
651, 774, -928
752, 1140, -958
1046, 1495, -925
1372, 1846, -802
1315, 1882, -691
898, 1512, -658
898, 1512, -658
509, 1080, -774
286, 673, -884
4, 180, -981
-402, -379, -1230
-718, -798, -1427
-808, -1003, -1485
-686, -930, -1470
-486, -742, -1369
-,-,-
-14, 61, -1034
6, 96, -1028
9, 159, -999
21, 200, -969
21, 200, -969
43, 245, -971
121, 341, -958
188, 461, -927
276, 623, -902
439, 740, -895
439, 740, -895
632, 822, -847
783, 911, -856
728, 836, -868
427, 448, -944
38, -6, -1016
-302, -329, -1041
-473, -584, -1046
-571, -876, -1147
-601, -1117, -1261
-573, -1232, -1350
-551, -1294, -1345
-568, -1306, -1295
-477, -1205, -1169
-279, -1000, -1050
-95, -791, -968
14, -585, -936
97, -383, -935
178, -143, -896
286, 197, -887
286, 197, -887
432, 634, -895
582, 1049, -930
714, 1308, -1001
880, 1476, -1048
970, 1558, -975
878, 1431, -818
666, 1200, -831
570, 975, -916
631, 849, -960
631, 849, -960
479, 436, -925
-117, -326, -1116
-706, -885, -1392
-963, -1144, -1521
-896, -1111, -1518
-627, -891, -1458
-389, -647, -1338
-,-,-
38, 27, -903
48, -51, -942
160, -29, -980
261, -49, -1048
192, -53, -1137
192, -53, -1137
139, -64, -1140
39, -32, -1059
-14, 7, -954
9, 97, -919
22, 199, -912
22, 199, -912
124, 377, -894
375, 621, -897
662, 845, -940
819, 920, -923
839, 880, -948
688, 649, -973
688, 649, -973
333, 221, -1040
-88, -209, -1119
-406, -564, -1168
-659, -845, -1236
-800, -1081, -1303
-855, -1247, -1300
-824, -1273, -1250
-718, -1249, -1191
-561, -1147, -1161
-135, -852, -1063
20, -723, -1012
20, -723, -1012
75, -602, -1000
132, -488, -984
210, -310, -983
316, -99, -947
518, 227, -929
785, 701, -930
1072, 1278, -957
1306, 1722, -945
1355, 1826, -907
1234, 1659, -901
1013, 1289, -948
791, 1000, -903
791, 1000, -903
524, 626, -882
34, -40, -993
-578, -729, -1251
-960, -1097, -1508
-1117, -1229, -1623
-,-,-
163, 72, -985
72, 26, -1022
7, 31, -996
7, 31, -996
-29, 60, -978
-46, 105, -944
-14, 176, -880
38, 260, -864
38, 260, -864
140, 413, -877
356, 614, -885
606, 790, -849
922, 965, -837
1062, 1053, -872
927, 826, -869
927, 826, -869
651, 475, -917
304, 93, -1030
-69, -290, -1159
-277, -503, -1211
-361, -635, -1259
-442, -836, -1314
-524, -1114, -1336
-576, -1251, -1281
-574, -1290, -1220
-502, -1236, -1180
-376, -1125, -1184
-206, -1017, -1174
-23, -888, -1129
122, -752, -1097
184, -628, -1077
269, -462, -1064
371, -264, -1044
512, 37, -1021
711, 527, -930
916, 1163, -846
1206, 1748, -831
1487, 1996, -854
1476, 1982, -856
1145, 1611, -786
770, 1110, -780
372, 518, -851
-93, -125, -1107
-518, -673, -1313
-720, -892, -1452
-694, -986, -1530
-,-,-
-96, -183, -1045
-93, -159, -1004
-87, -86, -993
-66, -38, -1002
-25, 11, -995
5, 82, -988
5, 82, -988
24, 156, -969
65, 220, -953
164, 321, -956
312, 500, -994
312, 500, -994
466, 695, -1003
635, 818, -913
741, 864, -820
682, 808, -748
534, 669, -760
427, 542, -773
323, 323, -850
323, 323, -850
10, 0, -1068
-277, -281, -1201
-426, -476, -1210
-500, -612, -1216
-559, -826, -1289
-557, -958, -1310
-454, -1039, -1324
-322, -1032, -1322
-214, -963, -1257
-156, -891, -1155
-71, -765, -1052
-27, -652, -982
-1, -532, -975
55, -415, -970
177, -190, -929
317, 91, -866
598, 514, -808
598, 514, -808
914, 991, -822
1192, 1348, -900
1382, 1659, -931
1400, 1729, -865
1172, 1517, -764
803, 1193, -761
589, 853, -811
344, 404, -922
-130, -198, -1195
-637, -845, -1605
-,-,-
230, 38, -1016
230, 38, -1016
126, 21, -994
91, 42, -992
57, 87, -983
31, 119, -936
31, 119, -936
55, 159, -909
149, 231, -931
238, 302, -967
359, 425, -969
688, 615, -1025
997, 844, -1039
997, 844, -1039
967, 870, -915
746, 705, -797
464, 403, -856
141, 72, -995
-141, -185, -1035
-303, -389, -1020
-451, -658, -1127
-531, -884, -1305
-540, -1032, -1400
-498, -1161, -1403
-469, -1260, -1379
-435, -1240, -1329
-330, -1104, -1209
-233, -937, -1115
-152, -813, -1063
-72, -720, -1016
59, -572, -939
258, -358, -888
470, -29, -925
692, 396, -947
947, 1010, -858
1243, 1508, -907
1529, 1891, -898
1550, 1979, -778
1244, 1739, -706
1244, 1739, -706
835, 1307, -749
562, 825, -803
306, 368, -925
-162, -261, -1215
-613, -794, -1477
-726, -1053, -1586
-693, -1059, -1591
-531, -887, -1469
-,-,-
365, 71, -882
331, 85, -956
303, 96, -1008
172, 6, -1004
172, 6, -1004
88, -20, -995
45, 15, -1004
11, 97, -1022
61, 167, -1009
61, 167, -1009
145, 274, -988
293, 460, -1005
502, 689, -1044
773, 819, -998
1035, 912, -883
1013, 844, -806
722, 519, -844
305, 91, -961
305, 91, -961
-9, -217, -1023
-248, -480, -1066
-480, -736, -1128
-630, -1050, -1220
-724, -1243, -1263
-720, -1299, -1259
-617, -1286, -1234
-510, -1186, -1181
-329, -1034, -1112
30, -754, -1034
30, -754, -1034
79, -697, -1046
126, -630, -1038
267, -453, -1012
499, -149, -957
725, 313, -874
1031, 1100, -767
1426, 1819, -689
1660, 1997, -831
1544, 1953, -939
1192, 1472, -987
875, 994, -950
490, 463, -966
-14, -152, -1104
-406, -623, -1347
-612, -897, -1590
-625, -973, -1685
-,-,-
467, 92, -936
498, 141, -928
464, 210, -885
454, 239, -850
455, 287, -817
455, 287, -817
449, 347, -792
431, 421, -797
567, 483, -800
807, 632, -821
878, 706, -819
808, 649, -905
808, 649, -905
523, 378, -1080
231, 64, -1109
25, -88, -1049
-167, -304, -1094
-350, -478, -1193
-420, -568, -1246
-465, -643, -1275
-457, -811, -1275
-469, -963, -1279
-509, -1099, -1284
-439, -1109, -1234
-302, -1017, -1184
-136, -915, -1128
22, -768, -1036
150, -617, -974
223, -460, -975
314, -239, -999
415, 65, -1009
515, 374, -970
792, 856, -860
1089, 1444, -741
1089, 1444, -741
1197, 1804, -691
1138, 1829, -672
975, 1627, -711
679, 1215, -796
371, 763, -898
154, 345, -1014
-64, -22, -1105
-372, -457, -1293
-575, -689, -1397
-582, -749, -1390
-466, -697, -1324
-277, -580, -1237
-98, -458, -1133
-,-,-
278, 13, -923
278, 13, -923
223, 48, -953
155, 42, -979
138, 98, -1004
194, 145, -998
339, 251, -978
339, 251, -978
578, 418, -1005
832, 663, -1044
959, 770, -970
935, 712, -828
768, 524, -836
375, 155, -983
-88, -206, -1116
-421, -489, -1128
-619, -703, -1099
-724, -869, -1179
-729, -990, -1267
-689, -1084, -1314
-640, -1147, -1252
-585, -1118, -1168
-464, -1046, -1068
-277, -932, -1055
-83, -788, -1074
54, -642, -1037
111, -518, -1004
132, -409, -1013
201, -236, -1011
348, 18, -996
514, 402, -987
514, 402, -987
668, 733, -985
888, 1044, -958
1112, 1298, -907
1267, 1451, -843
1230, 1437, -829
1062, 1232, -933
930, 994, -920
773, 678, -899
433, 196, -985
433, 196, -985
-198, -472, -1277
-855, -1026, -1544
-1209, -1247, -1576
-855, -977, -1340
-,-,-
504, -48, -1072
454, -26, -1103
317, -63, -1091
264, -5, -1019
301, 180, -988
301, 180, -988
335, 321, -1007
414, 411, -964
616, 543, -947
845, 747, -1009
915, 832, -1025
855, 747, -905
757, 583, -755
757, 583, -755
531, 302, -787
124, -98, -976
-272, -457, -1146
-472, -650, -1197
-584, -850, -1246
-662, -1049, -1313
-666, -1165, -1352
-627, -1243, -1364
-611, -1277, -1366
-544, -1171, -1302
-369, -998, -1173
-147, -796, -1019
53, -559, -917
177, -384, -911
304, -203, -932
476, 30, -971
689, 349, -1012
918, 753, -982
1169, 1249, -946
1436, 1682, -806
1611, 1882, -677
1553, 1797, -598
1204, 1399, -573
806, 921, -663
806, 921, -663
206, 250, -987
-338, -375, -1287
-654, -742, -1477
-749, -881, -1569
-638, -868, -1529
-430, -724, -1415
-,-,-
255, 71, -975
188, 41, -992
129, 109, -959
113, 151, -927
113, 151, -927
66, 161, -886
59, 169, -892
46, 171, -925
64, 215, -952
143, 293, -984
143, 293, -984
292, 388, -1003
525, 544, -1034
808, 838, -1096
1004, 1005, -1096
876, 795, -928
598, 476, -774
266, 131, -819
-145, -308, -996
-454, -591, -1118
-609, -791, -1122
-709, -954, -1170
-725, -1100, -1238
-663, -1185, -1242
-567, -1183, -1203
-445, -1123, -1160
-296, -1017, -1137
-155, -909, -1085
-15, -779, -1007
68, -633, -944
95, -513, -931
194, -355, -934
410, -99, -949
410, -99, -949
607, 211, -1013
797, 705, -1054
1049, 1275, -1008
1361, 1722, -942
1496, 1938, -825
1370, 1825, -669
1038, 1497, -650
538, 941, -768
71, 277, -1000
-292, -262, -1242
-611, -654, -1420
-835, -966, -1557
-838, -1039, -1596
-590, -831, -1488
-310, -567, -1329
-94, -325, -1185
-,-,-
83, -29, -1052
21, -5, -1045
21, -5, -1045
22, 91, -1027
50, 142, -989
127, 216, -957
207, 336, -939
207, 336, -939
304, 438, -922
444, 603, -910
675, 809, -872
889, 1001, -888
906, 951, -852
771, 730, -747
625, 461, -703
625, 461, -703
350, 17, -952
-63, -557, -1318
-419, -1038, -1537
-632, -1356, -1521
-734, -1515, -1404
-740, -1586, -1351
-678, -1565, -1307
-519, -1417, -1255
-283, -1161, -1164
155, -648, -1013
281, -428, -1025
281, -428, -1025
371, -192, -1016
406, 64, -995
459, 378, -969
629, 728, -917
856, 1155, -890
1099, 1503, -866
1241, 1781, -786
1257, 1903, -607
1091, 1765, -588
811, 1394, -681
616, 872, -768
616, 872, -768
312, 268, -922
-185, -403, -1199
-645, -1026, -1483
-951, -1487, -1689
-947, -1497, -1739
-708, -1266, -1597
-,-,-
82, -79, -952
50, -94, -941
68, -69, -985
83, -15, -1000
105, 41, -1003
136, 82, -1028
136, 82, -1028
235, 166, -1047
334, 306, -1038
446, 429, -970
692, 619, -1004
912, 830, -1082
903, 863, -1048
695, 632, -959
288, 144, -977
288, 144, -977
-190, -367, -1035
-526, -848, -1097
-795, -1206, -1110
-932, -1397, -1109
-933, -1475, -1140
-719, -1434, -1115
-474, -1263, -1055
-184, -1001, -1004
47, -768, -976
210, -569, -963
287, -409, -1002
407, -181, -1062
407, -181, -1062
526, 110, -1110
656, 567, -1094
801, 1106, -1052
934, 1492, -1027
1024, 1724, -964
1128, 1865, -786
1086, 1761, -672
851, 1388, -639
640, 1047, -709
472, 684, -834
160, 88, -1020
-278, -542, -1254
-628, -957, -1445
-859, -1233, -1648
-841, -1236, -1705
-647, -1041, -1530
-373, -750, -1285
-,-,-
242, -32, -1068
228, -36, -1071
211, 19, -1037
265, 166, -1044
310, 290, -1026
344, 380, -1007
443, 467, -1007
488, 607, -974
488, 607, -974
498, 696, -942
540, 694, -918
501, 588, -842
384, 460, -823
255, 278, -870
26, -86, -1027
26, -86, -1027
-272, -521, -1205
-490, -992, -1343
-637, -1383, -1407
-740, -1671, -1425
-681, -1683, -1373
-499, -1444, -1257
-228, -1123, -1094
34, -815, -975
239, -511, -893
365, -511, -859
365, -259, -859
478, 114, -872
592, 510, -866
775, 1007, -861
988, 1486, -940
1173, 1852, -989
1314, 1997, -855
1276, 1947, -701
967, 1509, -632
514, 829, -712
-20, 74, -961
-20, 74, -961
-454, -544, -1235
-,-,-
236, -76, -995
216, -84, -1020
93, -134, -997
-1, -191, -978
-63, -179, -978
-71, -107, -963
-67, -8, -976
-67, -8, -976
12, 112, -961
155, 268, -976
388, 513, -1050
666, 793, -1035
866, 991, -972
878, 964, -888
878, 964, -888
700, 767, -805
429, 463, -838
48, 4, -1049
-378, -484, -1183
-667, -819, -1196
-762, -977, -1173
-730, -1087, -1157
-645, -1105, -1146
-549, -1101, -1134
-471, -1105, -1117
-366, -1021, -1062
-224, -901, -1009
-152, -848, -1001
-53, -749, -1004
67, -592, -1015
157, -401, -998
226, -193, -970
332, 31, -982
521, 363, -979
699, 670, -965
787, 915, -966
787, 915, -966
816, 1131, -934
778, 1224, -871
752, 1284, -797
725, 1273, -776
663, 1230, -771
585, 1077, -822
518, 816, -890
286, 366, -1063
286, 366, -1063
-135, -170, -1173
-491, -596, -1206
-746, -963, -1337
-810, -1113, -1460
-469, -724, -1405
-258, -447, -1244
-69, -196, -1105
-,-,-
135, 43, -981
121, 127, -963
97, 248, -951
192, 355, -984
192, 355, -984
326, 490, -1010
408, 616, -1004
556, 711, -1002
802, 810, -988
930, 822, -942
764, 649, -898
356, 283, -970
356, 283, -970
-100, -112, -1041
-332, -375, -1068
-495, -690, -1123
-704, -1065, -1184
-812, -1345, -1214
-795, -1467, -1194
-545, -1388, -1183
-311, -1204, -1154
-68, -969, -1076
93, -804, -1012
187, -697, -1001
246, -514, -992
246, -514, -992
285, -347, -958
314, -196, -962
385, 34, -991
458, 379, -995
505, 697, -947
567, 892, -983
699, 1112, -1041
796, 1343, -989
796, 1343, -989
843, 1483, -877
866, 1491, -807
825, 1349, -746
784, 1145, -688
765, 940, -732
751, 739, -781
613, 269, -864
268, -351, -1095
-84, -813, -1396
-479, -1176, -1629
-684, -1340, -1778
-656, -1294, -1731
-486, -1068, -1565
-247, -735, -1378
-27, -399, -1238
-,-,-
517, 52, -986
603, 120, -996
584, 167, -1019
589, 238, -1029
615, 373, -997
593, 440, -926
579, 513, -855
579, 513, -855
635, 589, -841
752, 593, -884
768, 598, -875
641, 536, -883
365, 292, -985
6, -64, -1082
6, -64, -1082
-234, -370, -1186
-303, -608, -1266
-393, -880, -1351
-497, -1170, -1320
-575, -1366, -1247
-581, -1379, -1210
-427, -1223, -1160
-265, -1073, -1054
-75, -905, -965
91, -705, -916
91, -705, -916
187, -562, -950
291, -354, -1011
426, -128, -1032
557, 189, -983
659, 479, -999
779, 799, -1062
1003, 1209, -1048
1162, 1514, -1019
1132, 1629, -920
988, 1615, -786
916, 1529, -751
983, 1377, -760
892, 970, -716
892, 970, -716
566, 345, -889
180, -214, -1158
-49, -586, -1266
-321, -992, -1465
-574, -1290, -1700
-629, -1276, -1698
-472, -1026, -1508
-250, -733, -1316
-,-,-
470, -41, -1062
470, -41, -1062
325, -84, -1019
259, -18, -995
208, 108, -939
214, 198, -891
271, 292, -896
364, 436, -928
523, 615, -968
523, 615, -968
653, 734, -953
767, 752, -857
783, 760, -823
526, 520, -963
177, 82, -1097
-95, -225, -1130
-251, -500, -1188
-380, -801, -1243
-470, -1061, -1280
-519, -1223, -1278
-524, -1290, -1265
-546, -1350, -1262
-483, -1343, -1228
-303, -1198, -1160
-118, -1013, -1066
-18, -864, -994
104, -673, -968
215, -474, -953
383, -187, -955
611, 145, -989
862, 623, -976
1115, 1230, -940
1115, 1230, -940
1351, 1754, -950
1538, 1990, -819
1557, 1996, -668
1284, 1721, -604
915, 1177, -625
558, 606, -736
24, -93, -1033
-524, -719, -1408
-818, -1089, -1644
-853, -1228, -1695
-702, -1113, -1664
-,-,-
96, -170, -1045
40, -209, -1004
-43, -200, -934
-43, -200, -934
-120, -254, -907
-122, -225, -932
-51, -70, -941
64, 100, -883
264, 259, -858
535, 498, -933
790, 753, -1035
930, 880, -1060
981, 870, -1008
981, 870, -1008
825, 678, -929
463, 318, -915
-31, -175, -1052
-399, -585, -1148
-590, -858, -1213
-706, -1130, -1305
-795, -1345, -1333
-772, -1446, -1307
-633, -1425, -1269
-484, -1296, -1231
-310, -1131, -1161
-11, -888, -1031
-11, -888, -1031
147, -714, -1017
244, -524, -1007
299, -282, -1003
327, -9, -940
441, 349, -869
655, 743, -883
971, 1130, -1011
1233, 1444, -1036
1259, 1594, -964
1131, 1597, -860
1004, 1570, -773
973, 1436, -769
885, 1082, -771
563, 531, -940
563, 531, -940
67, -155, -1194
-448, -794, -1519
-778, -1204, -1703
-793, -1297, -1701
-643, -1228, -1630
-,-,-
12, -94, -903
-44, -16, -925
-59, -5, -946
-2, 67, -955
-2, 67, -955
86, 145, -956
192, 281, -960
264, 441, -995
480, 618, -948
751, 813, -938
751, 813, -938
876, 888, -943
832, 864, -929
729, 722, -904
537, 504, -855
204, 173, -915
-182, -290, -1033
-502, -635, -1115
-588, -921, -1233
-634, -1136, -1342
-671, -1326, -1388
-630, -1416, -1358
-537, -1406, -1310
-426, -1311, -1225
-281, -1160, -1123
-103, -956, -1021
68, -733, -953
133, -560, -975
196, -375, -989
320, -60, -985
559, 359, -950
559, 359, -950
842, 839, -993
1193, 1395, -1006
1363, 1840, -861
1353, 1941, -765
1237, 1809, -730
995, 1456, -784
722, 1088, -858
389, 532, -988
-104, -234, -1228
-527, -773, -1405
-721, -1049, -1484
-749, -1158, -1557
-634, -1108, -1481
-387, -881, -1314
-178, -630, -1176
-,-,-
-67, -35, -920
-128, -91, -937
-193, -93, -904
-185, -79, -928
-138, -54, -968
-99, 4, -996
-99, 4, -996
-57, 106, -990
5, 209, -984
78, 298, -980
210, 408, -1002
210, 408, -1002
330, 594, -1042
496, 776, -1100
681, 883, -1057
754, 860, -944
654, 683, -828
392, 390, -815
83, 60, -854
83, 60, -854
-215, -295, -952
-478, -690, -1130
-697, -1082, -1332
-838, -1326, -1396
-837, -1461, -1365
-776, -1506, -1315
-641, -1430, -1255
-203, -1049, -1078
5, -787, -997
5, -787, -997
159, -570, -979
232, -390, -977
306, -204, -1014
492, 168, -1030
745, 706, -982
941, 1103, -965
991, 1292, -998
963, 1462, -931
996, 1624, -761
996, 1624, -761
1034, 1626, -661
1094, 1486, -713
1139, 1240, -723
1117, 993, -678
852, 426, -836
261, -322, -1139
-357, -980, -1507
-744, -1307, -1704
-834, -1373, -1718
-676, -1263, -1701
-444, -1020, -1582
-,-,-
282, 145, -937
203, 154, -922
58, 89, -971
-47, 23, -983
-131, -8, -972
-131, -8, -972
-201, -51, -958
-241, -69, -991
-229, -49, -1022
-125, 64, -1022
28, 170, -1008
265, 300, -1000
498, 477, -981
677, 677, -998
677, 677, -998
680, 751, -973
600, 638, -895
470, 503, -817
177, 172, -882
-246, -258, -991
-512, -595, -1032
-616, -830, -1120
-750, -1118, -1270
-872, -1356, -1355
-866, -1447, -1308
-737, -1370, -1219
-545, -1201, -1119
-314, -1005, -1052
-119, -848, -1041
63, -638, -1045
185, -394, -1033
272, -178, -1037
412, 81, -1070
631, 549, -1021
851, 1132, -860
1097, 1559, -812
1258, 1737, -828
1292, 1783, -729
1174, 1655, -618
960, 1451, -670
778, 1248, -782
778, 1248, -782
864, 1037, -799
837, 568, -870
145, -399, -1311
-681, -1208, -1782
-1027, -1463, -1848
-902, -1308, -1661
-619, -1090, -1486
-,-,-
254, 48, -1148
201, 69, -1111
91, 42, -1089
-61, -55, -1058
-140, -51, -1000
-140, -51, -1000
-148, -3, -937
-82, 86, -881
54, 169, -878
247, 268, -918
457, 465, -1006
569, 661, -1024
661, 770, -928
661, 770, -928
752, 839, -831
700, 777, -796
471, 504, -837
228, 160, -875
-116, -284, -1063
-555, -782, -1295
-744, -1100, -1439
-709, -1236, -1441
-688, -1383, -1448
-705, -1503, -1451
-649, -1461, -1382
-497, -1309, -1273
-286, -1056, -1166
-79, -852, -1084
60, -676, -1036
213, -458, -1006
353, -178, -952
491, 170, -869
720, 613, -820
937, 1046, -795
1128, 1476, -762
1234, 1783, -635
1227, 1810, -580
1097, 1624, -622
864, 1361, -701
864, 1361, -701
720, 1167, -816
652, 838, -896
547, 341, -940
212, -291, -1136
-208, -860, -1393
-,-,-
219, 122, -918
290, 183, -988
328, 209, -998
405, 264, -1042
536, 400, -1069
536, 400, -1069
655, 526, -1031
762, 593, -995
863, 645, -997
840, 634, -987
575, 462, -991
138, 81, -1062
-328, -355, -1094
-654, -705, -1109
-785, -978, -1187
-803, -1112, -1273
-780, -1241, -1276
-748, -1338, -1253
-681, -1371, -1245
-506, -1218, -1227
-302, -1011, -1153
-145, -847, -1084
-25, -735, -1047
85, -628, -1026
190, -412, -1014
257, -134, -985
313, 172, -977
432, 479, -950
679, 862, -908
679, 862, -908
1034, 1347, -819
1311, 1763, -791
1392, 1905, -713
1383, 1832, -654
1204, 1513, -687
913, 1122, -760
612, 623, -826
154, -78, -984
-391, -770, -1333
-786, -1205, -1685
-935, -1363, -1760
-,-,-
285, 108, -1059
285, 108, -1059
167, -12, -1134
112, -61, -1203
45, -46, -1162
-31, -28, -1108
-90, -16, -1030
-73, 25, -964
70, 139, -900
70, 139, -900
315, 277, -812
642, 553, -859
918, 795, -944
1055, 863, -912
930, 783, -838
580, 499, -815
580, 499, -815
66, 16, -975
-314, -441, -1110
-467, -821, -1178
-668, -1185, -1294
-828, -1459, -1327
-892, -1604, -1292
-881, -1630, -1304
-809, -1539, -1348
-573, -1305, -1202
1, -820, -1094
1, -820, -1094
181, -611, -1062
325, -390, -1040
448, -149, -1018
534, 155, -1003
680, 554, -980
906, 989, -926
1100, 1383, -930
1195, 1642, -863
1310, 1795, -659
1322, 1748, -575
1147, 1471, -633
937, 1169, -735
831, 765, -777
831, 765, -777
491, 170, -907
-309, -639, -1329
-880, -1159, -1622
-961, -1257, -1697
-755, -1113, -1667
-,-,-
355, 68, -1000
392, 140, -1042
262, 74, -1073
108, -25, -1031
24, -7, -939
24, -7, -939
42, 42, -871
99, 188, -835
215, 346, -842
387, 461, -873
596, 601, -923
596, 601, -923
762, 785, -986
855, 879, -1018
824, 800, -919
668, 632, -810
236, 174, -896
-246, -361, -1058
-494, -677, -1197
-608, -837, -1323
-693, -1079, -1446
-810, -1343, -1468
-841, -1494, -1413
-735, -1469, -1323
-568, -1311, -1250
-373, -1153, -1153
-143, -975, -1068
76, -768, -1022
201, -510, -997
242, -282, -953
246, -100, -912
388, 239, -871
598, 679, -876
598, 679, -876
800, 1090, -918
991, 1416, -910
1090, 1571, -874
1056, 1583, -830
928, 1556, -837
854, 1439, -875
826, 1190, -877
782, 819, -856
523, 346, -948
-65, -380, -1206
-514, -907, -1422
-681, -1114, -1524
-653, -1105, -1494
-535, -1007, -1439
-444, -902, -1365
-295, -643, -1240
-,-,-
-88, -47, -1046
-297, -246, -1046
-360, -267, -1061
-346, -237, -961
-283, -220, -869
-173, -188, -955
-173, -188, -955
1, -61, -1024
179, 131, -969
420, 369, -915
729, 658, -913
937, 859, -969
949, 877, -941
840, 786, -876
840, 786, -876
683, 685, -800
464, 393, -770
137, 8, -911
-340, -544, -1192
-705, -961, -1362
-783, -1213, -1335
-713, -1283, -1255
-628, -1358, -1265
-596, -1396, -1279
-515, -1316, -1255
-333, -1145, -1195
-132, -938, -1121
32, -742, -1057
120, -563, -994
177, -344, -958
277, -110, -924
433, 271, -902
690, 837, -893
986, 1353, -866
1289, 1711, -861
1289, 1711, -861
1483, 1915, -866
1373, 1936, -766
1093, 1644, -743
934, 1299, -806
796, 928, -837
518, 406, -978
42, -337, -1314
-305, -823, -1533
-485, -1051, -1589
-596, -1084, -1555
-526, -953, -1406
-337, -691, -1187
-179, -477, -1053
-95, -295, -1008
-,-,-
507, 233, -1045
381, 239, -1005
301, 259, -939
301, 259, -868
267, 266, -868
285, 274, -889
290, 309, -935
375, 419, -930
569, 530, -942
709, 653, -950
720, 680, -983
720, 680, -983
657, 569, -988
513, 338, -985
216, -12, -1048
-145, -378, -1085
-499, -759, -1100
-791, -1176, -1217
-981, -1473, -1408
-957, -1551, -1469
-786, -1485, -1432
-595, -1302, -1328
-354, -1072, -1187
-116, -838, -1084
57, -666, -1038
143, -523, -1013
146, -418, -1024
179, -286, -1007
279, -88, -1005
399, 134, -1029
584, 458, -1030
776, 876, -951
922, 1196, -865
1054, 1459, -767
1114, 1603, -607
1088, 1532, -494
1044, 1344, -559
1015, 1209, -613
975, 1043, -683
975, 1043, -683
878, 695, -740
525, 102, -910
-143, -598, -1264
-760, -1105, -1623
-933, -1188, -1709
-843, -1037, -1606
-682, -909, -1509
-407, -687, -1378
-,-,-
161, 96, -1033
161, 96, -1033
132, 158, -989
168, 220, -938
276, 342, -954
391, 495, -990
490, 648, -951
681, 767, -909
681, 767, -909
901, 902, -910
915, 877, -899
643, 563, -849
316, 196, -843
-106, -249, -972
-549, -754, -1175
-800, -1117, -1342
-824, -1355, -1360
-791, -1506, -1346
-757, -1634, -1324
-682, -1619, -1307
-466, -1444, -1242
-181, -1169, -1168
53, -903, -1092
136, -716, -1038
194, -517, -973
256, -232, -899
387, 93, -857
707, 607, -823
1341, 1510, -683
1901, 1997, -718
1901, 1997, -718
1967, 1997, -774
1629, 1963, -784
1094, 1473, -831
703, 937, -896
420, 388, -1013
129, -150, -1210
-281, -764, -1485
-643, -1220, -1735
-699, -1220, -1700
-610, -1056, -1533
-492, -872, -1399
-,-,-
227, 2, -1032
227, 2, -1032
184, 33, -1069
133, 25, -1058
80, 51, -976
121, 127, -900
207, 256, -892
207, 256, -892
379, 402, -907
678, 576, -892
951, 788, -970
1006, 871, -1038
840, 721, -968
532, 418, -915
532, 418, -915
114, 34, -1000
-309, -338, -1075
-572, -612, -1129
-663, -815, -1240
-717, -1016, -1372
-727, -1227, -1391
-722, -1323, -1362
-618, -1294, -1313
-276, -972, -1144
-87, -801, -1064
36, -656, -1010
36, -656, -1010
110, -523, -977
157, -377, -992
221, -141, -970
288, 109, -936
427, 310, -908
654, 622, -924
1022, 1114, -880
1276, 1581, -765
1477, 1777, -713
1588, 1818, -698
1480, 1639, -763
1242, 1277, -805
1242, 1277, -805
976, 780, -806
532, 141, -950
-361, -781, -1445
-1071, -1412, -1845
-1158, -1491, -1877
-930, -1348, -1698
-,-,-
516, 221, -968
449, 206, -920
378, 172, -908
397, 231, -909
397, 231, -909
404, 285, -892
425, 337, -893
473, 397, -875
504, 487, -888
570, 588, -916
683, 679, -921
683, 679, -921
775, 701, -886
706, 616, -879
413, 356, -943
135, 57, -1011
-65, -236, -1094
-292, -584, -1265
-488, -985, -1341
-620, -1209, -1296
-698, -1393, -1278
-745, -1525, -1303
-710, -1555, -1284
-527, -1436, -1195
-242, -1208, -1137
-21, -995, -1095
118, -854, -1041
254, -662, -991
395, -414, -968
515, -129, -973
646, 264, -992
849, 792, -920
1118, 1270, -914
1379, 1722, -973
1525, 1986, -934
1525, 1986, -934
1506, 1988, -788
1340, 1743, -740
1064, 1261, -716
774, 738, -732
383, 105, -902
-256, -644, -1239
-780, -1149, -1498
-944, -1326, -1625
-869, -1250, -1599
-660, -1026, -1489
-381, -765, -1318
-,-,-
336, 53, -991
259, 23, -1017
186, -25, -1021
84, -70, -975
50, -101, -941
66, -73, -968
66, -73, -968
75, -13, -977
127, 83, -950
200, 174, -947
319, 316, -986
457, 493, -998
457, 493, -998
744, 680, -1016
985, 913, -1013
910, 903, -955
639, 632, -899
334, 358, -853
181, 122, -878
-129, -229, -1072
-484, -718, -1281
-684, -1084, -1361
-763, -1284, -1295
-783, -1433, -1224
-801, -1525, -1204
-748, -1483, -1182
-571, -1325, -1138
-318, -1139, -1054
-81, -989, -1015
121, -833, -990
282, -650, -991
388, -484, -1031
381, -325, -1079
394, -132, -1083
574, 240, -1051
811, 818, -1073
1076, 1332, -1151
1394, 1742, -1141
1552, 1924, -1028
1382, 1754, -867
1026, 1356, -816
816, 1023, -792
744, 713, -815
744, 713, -815
476, 252, -913
25, -368, -1121
-390, -896, -1353
-,-,-
232, 45, -959
138, 8, -960
138, 8, -960
80, -19, -972
93, -3, -980
117, -15, -960
248, 61, -974
248, 61, -974
383, 245, -979
546, 395, -1000
754, 544, -980
905, 702, -990
923, 801, -1033
816, 748, -959
816, 748, -959
608, 520, -898
284, 155, -996
-112, -269, -1182
-478, -664, -1315
-665, -957, -1340
-706, -1101, -1280
-684, -1192, -1235
-647, -1287, -1238
-546, -1277, -1203
-403, -1131, -1151
-316, -974, -1084
-229, -885, -1012
-133, -805, -970
-21, -704, -958
80, -568, -946
192, -325, -941
320, 40, -975
510, 462, -1028
779, 912, -1033
1079, 1323, -1068
1276, 1611, -1067
1312, 1700, -987
1266, 1622, -857
1162, 1408, -851
1107, 1200, -907
1012, 740, -880
654, 92, -939
654, 92, -939
112, -549, -1207
-543, -1148, -1487
-876, -1387, -1482
-849, -1299, -1410
-692, -1060, -1378
-434, -734, -1277
-167, -480, -1140
-,-,-
163, 42, -976
158, 93, -951
158, 93, -951
178, 149, -938
266, 209, -953
372, 317, -968
495, 472, -1004
671, 650, -1025
837, 705, -1003
837, 705, -1003
817, 691, -864
713, 624, -769
566, 462, -748
228, 126, -876
-169, -281, -1053
-446, -643, -1163
-581, -1009, -1256
-690, -1294, -1377
-747, -1520, -1453
-750, -1595, -1424
-683, -1552, -1359
-520, -1359, -1230
-287, -1093, -1091
-88, -843, -991
42, -652, -968
180, -427, -952
290, -134, -948
424, 208, -973
629, 708, -977
949, 1189, -1032
1300, 1627, -1076
1510, 1940, -1006
1476, 1944, -912
1240, 1610, -869
1043, 1161, -816
841, 645, -833
841, 645, -833
192, -137, -1080
-641, -1009, -1472
-1063, -1425, -1630
-1048, -1450, -1566
-490, -947, -1240
-,-,-
315, 68, -984
338, 102, -981
341, 147, -969
360, 242, -984
404, 313, -1008
504, 408, -960
650, 607, -948
650, 607, -948
813, 798, -971
850, 799, -907
796, 633, -796
533, 326, -811
33, -203, -943
-393, -636, -1071
-587, -898, -1181
-581, -1113, -1283
-644, -1340, -1351
-733, -1502, -1359
-715, -1509, -1311
-614, -1405, -1278
-412, -1205, -1205
-199, -999, -1117
-50, -863, -1038
53, -683, -981
169, -507, -947
292, -258, -934
405, 12, -976
580, 301, -1069
580, 301, -1069
849, 707, -1119
1125, 1186, -1099
1347, 1624, -1025
1542, 1932, -818
1595, 1969, -697
1372, 1727, -696
1069, 1324, -782
925, 907, -875
715, 334, -891
43, -526, -1196
-731, -1295, -1563
-1081, -1620, -1702
-1085, -1590, -1703
-794, -1322, -1552
-,-,-
209, 19, -942
234, 22, -945
309, 73, -982
342, 182, -989
342, 182, -989
378, 292, -948
499, 388, -930
675, 512, -952
815, 686, -1004
835, 748, -962
745, 610, -868
745, 610, -868
540, 303, -874
195, -67, -979
-155, -491, -1054
-402, -867, -1125
-603, -1155, -1260
-731, -1388, -1360
-810, -1512, -1368
-762, -1494, -1343
-667, -1397, -1246
-466, -1191, -1113
-47, -775, -981
-47, -775, -981
82, -597, -948
175, -435, -938
319, -243, -948
554, 153, -996
800, 692, -1046
1038, 1124, -1039
1400, 1593, -879
1660, 1957, -661
1559, 1993, -501
1225, 1738, -578
1000, 1276, -727
861, 867, -785
582, 353, -844
582, 353, -844
-31, -361, -1182
-703, -1064, -1607
-1019, -1456, -1832
-923, -1325, -1781
-287, -968, -1243
-,-,-
455, 143, -951
437, 232, -945
339, 201, -887
257, 152, -867
255, 169, -897
344, 260, -877
503, 409, -927
503, 409, -927
683, 529, -997
863, 599, -1056
920, 673, -1062
727, 536, -1057
295, 108, -1118
-99, -353, -1098
-425, -707, -1082
-686, -1025, -1128
-848, -1241, -1114
-839, -1368, -1110
-777, -1489, -1149
-692, -1574, -1179
-576, -1525, -1154
-396, -1357, -1076
-170, -1164, -973
38, -937, -949
209, -689, -958
290, -548, -1008
364, -424, -1135
581, -48, -1207
784, 465, -1210
911, 876, -1203
1039, 1127, -1232
1183, 1373, -1218
1236, 1592, -1017
1163, 1620, -765
999, 1447, -661
868, 1193, -612
749, 886, -638
749, 886, -638
536, 519, -751
153, 5, -969
-147, -377, -1161
-365, -800, -1389
-673, -1175, -1622
-746, -1237, -1652
-610, -1044, -1493
-386, -741, -1307
-188, -459, -1169
-19, -204, -1024
-,-,-
-43, 95, -924
-29, 126, -934
-29, 126, -934
76, 238, -989
185, 332, -1006
356, 430, -995
619, 637, -1059
847, 784, -1118
919, 792, -1027
873, 712, -877
873, 712, -877
552, 344, -844
131, -92, -876
-81, -323, -906
-182, -500, -1033
-400, -761, -1210
-602, -1009, -1269
-692, -1254, -1211
-776, -1427, -1121
-797, -1487, -1060
-696, -1444, -1017
-484, -1299, -959
-193, -1117, -927
53, -947, -921
186, -835, -946
286, -713, -978
391, -542, -1069
441, -355, -1095
571, -64, -1120
651, 316, -1145
637, 715, -1157
703, 1153, -1036
922, 1520, -998
1168, 1882, -922
1265, 1997, -720
1156, 1892, -631
1156, 1892, -631
941, 1448, -632
700, 898, -721
340, 255, -900
-66, -289, -1119
-323, -686, -1304
-473, -975, -1428
-,-,-
-406, -844, -1473
-223, -563, -1311
-56, -355, -1186
-,-,-
-34, 123, -1065
-74, 149, -1054
-60, 212, -1010
-13, 286, -961
63, 364, -917
63, 364, -917
203, 440, -971
466, 616, -1057
763, 888, -1045
859, 970, -931
850, 896, -839
798, 731, -886
428, 339, -1001
428, 339, -1001
-17, -151, -1042
-388, -609, -997
-654, -1043, -1067
-805, -1366, -1118
-784, -1460, -1120
-677, -1446, -1052
-376, -1360, -1070
-222, -1282, -1096
-51, -1133, -1089
114, -936, -1047
213, -742, -1107
270, -552, -1121
401, -256, -1056
539, 147, -1022
542, 606, -1006
542, 606, -1006
576, 1042, -971
680, 1379, -909
790, 1573, -912
836, 1708, -958
901, 1818, -875
961, 1847, -793
944, 1689, -749
893, 1410, -739
809, 969, -776
809, 969, -776
501, 211, -882
141, -380, -1065
-128, -808, -1233
-,-,-
87, 167, -1038
71, 315, -1037
71, 315, -1037
174, 488, -1047
402, 668, -1027
591, 804, -994
633, 843, -954
603, 785, -917
552, 658, -899
459, 446, -835
459, 446, -835
237, 96, -897
-15, -335, -991
-151, -649, -1027
-163, -808, -1091
-215, -1016, -1198
-311, -1244, -1227
-316, -1481, -1209
-174, -1505, -1238
-98, -1411, -1210
-126, -1322, -1108
-124, -1294, -1036
-102, -1251, -1046
198, -807, -921
198, -807, -921
450, -455, -866
636, -103, -864
700, 269, -972
696, 822, -1047
619, 1346, -1053
653, 1633, -1042
811, 1895, -1093
865, 1997, -971
731, 1997, -811
605, 1943, -796
466, 1521, -800
466, 1521, -800
320, 935, -764
152, 224, -903
-255, -690, -1245
-531, -1272, -1463
-,-,-
341, -81, -1082
248, 32, -1098
151, -10, -1088
111, 60, -1049
201, 208, -1042
201, 208, -1042
387, 407, -1057
509, 505, -1040
682, 611, -1065
709, 661, -1028
532, 481, -905
350, 291, -843
108, -92, -892
-226, -549, -1015
-496, -954, -1082
-589, -1230, -1152
-624, -1501, -1196
-609, -1667, -1185
-480, -1689, -1161
-318, -1557, -1169
-146, -1352, -1134
65, -1155, -1099
235, -888, -1088
307, -685, -1070
308, -553, -1049
373, -351, -998
481, -68, -950
515, 224, -954
550, 467, -986
550, 467, -986
603, 774, -955
690, 1171, -891
781, 1463, -898
897, 1659, -941
927, 1758, -905
864, 1806, -913
750, 1789, -997
564, 1582, -1005
478, 1242, -906
478, 1242, -906
487, 751, -883
240, -27, -1026
-92, -822, -1370
-,-,-
402, 180, -1048
373, 213, -1019
307, 204, -1007
224, 209, -1030
288, 270, -1048
288, 270, -1048
398, 330, -1073
542, 433, -1067
775, 609, -1117
814, 577, -1131
519, 212, -1076
122, -284, -1017
-196, -759, -934
-393, -1128, -940
-592, -1458, -996
-778, -1734, -1071
-858, -1882, -1106
-747, -1801, -1115
-545, -1566, -1082
-306, -1254, -1018
-90, -1003, -988
79, -818, -981
212, -673, -1007
295, -528, -1037
440, -235, -1011
531, 85, -964
566, 332, -959
593, 516, -953
641, 779, -944
641, 779, -944
711, 990, -948
852, 1213, -1002
904, 1496, -915
844, 1673, -795
798, 1669, -855
801, 1553, -913
882, 1432, -906
589, 916, -951
-60, -61, -1140
-60, -61, -1140
-563, -831, -1341
-715, -1077, -1439
-,-,-
502, 17, -946
502, 17, -946
514, 92, -918
420, 46, -1010
222, -66, -1049
130, -26, -1040
178, 180, -1011
178, 180, -1011
233, 354, -1022
359, 449, -1034
525, 548, -1001
718, 650, -997
735, 531, -982
502, 227, -965
122, -213, -1002
-265, -765, -1077
-558, -1209, -1061
-676, -1481, -1028
-722, -1669, -1046
-689, -1786, -1065
-528, -1717, -1109
-319, -1508, -1078
-102, -1252, -1004
95, -1002, -961
252, -769, -955
367, -490, -993
429, -130, -1009
502, 239, -976
629, 629, -988
719, 1026, -1050
766, 1336, -1089
885, 1614, -1068
1049, 1860, -969
962, 1810, -836
962, 1810, -836
741, 1517, -855
610, 1384, -906
647, 1218, -1004
544, 671, -1018
293, 43, -991
-3, -531, -1048
-455, -1165, -1306
-862, -1640, -1561
-827, -1515, -1539
-,-,-
297, 242, -1010
300, 327, -997
368, 359, -1008
423, 370, -1025
490, 428, -1032
521, 427, -1013
401, 293, -1021
253, 104, -989
100, -94, -924
100, -94, -924
-4, -308, -960
-96, -553, -1077
-255, -813, -1159
-386, -1011, -1123
-441, -1221, -1072
-485, -1384, -1030
-489, -1442, -986
-433, -1409, -971
-321, -1327, -959
-170, -1220, -961
5, -1024, -954
163, -815, -975
285, -613, -986
422, -335, -994
571, 138, -945
846, 736, -926
1079, 1132, -1043
1163, 1441, -1089
1154, 1864, -885
1067, 1997, -714
993, 1989, -759
850, 1708, -854
769, 1323, -869
769, 1323, -869
519, 773, -903
45, -51, -1110
-431, -866, -1313
-615, -1120, -1378
-537, -1138, -1396
-476, -1104, -1410
-399, -1013, -1383
-,-,-
195, 85, -974
119, 119, -936
119, 119, -936
156, 203, -952
226, 305, -973
331, 360, -991
462, 472, -1029
545, 588, -1042
619, 562, -1039
599, 447, -1019
599, 447, -1019
476, 273, -992
321, -8, -981
148, -311, -1017
1, -587, -1093
-214, -922, -1163
-430, -1281, -1146
-572, -1535, -1115
-607, -1643, -1105
-596, -1684, -1055
-485, -1579, -983
-266, -1385, -956
-76, -1178, -930
98, -991, -948
274, -746, -969
424, -426, -958
581, -41, -954
744, 407, -922
820, 851, -951
820, 851, -951
850, 1269, -1066
910, 1634, -1034
1038, 1948, -915
1042, 1997, -810
855, 1853, -826
674, 1494, -923
625, 1151, -942
583, 703, -897
288, 48, -998
-204, -698, -1220
-571, -1254, -1377
-751, -1477, -1522
-637, -1301, -1457
-414, -984, -1291
-,-,-
-93, -162, -1013
-117, -198, -1014
-102, -174, -1001
-74, -188, -1025
-54, -165, -1055
26, -90, -1114
114, 31, -1133
178, 180, -1078
310, 382, -1041
487, 578, -1052
633, 692, -1078
633, 692, -1078
789, 738, -1032
754, 659, -974
511, 351, -951
211, -85, -1005
-189, -486, -1135
-504, -821, -1141
-640, -993, -1075
-606, -1069, -981
-606, -1167, -1020
-613, -1284, -1041
-531, -1281, -1037
-456, -1225, -1008
-337, -1117, -938
-173, -1005, -896
-82, -905, -945
12, -740, -989
154, -509, -945
322, -188, -856
522, 165, -828
753, 645, -879
882, 1092, -844
917, 1337, -866
957, 1387, -933
957, 1387, -933
932, 1335, -1005
850, 1257, -1024
739, 1169, -1063
617, 1036, -1122
572, 906, -1107
577, 723, -1080
409, 319, -1072
-115, -428, -1260
-691, -1021, -1402
-921, -1212, -1398
-785, -1039, -1330
-523, -804, -1219
-249, -577, -1124
-35, -373, -1070
91, -164, -1032
181, 26, -1019
169, 116, -1024
148, 116, -1034
-,-,-
666, 334, -854
669, 381, -946
630, 380, -993
773, 491, -1051
832, 607, -1045
832, 607, -1045
728, 567, -1033
671, 507, -996
581, 419, -963
390, 256, -992
231, -3, -1053
220, -203, -1129
201, -396, -1179
60, -613, -1211
-117, -823, -1207
-159, -912, -1143
-139, -927, -1136
-169, -1003, -1155
-279, -1117, -1137
-285, -1113, -1070
-170, -1037, -1017
-110, -890, -940
-63, -806, -863
-33, -744, -820
-75, -691, -775
-109, -636, -798
-28, -541, -881
-28, -541, -881
158, -347, -964
377, -9, -1014
578, 440, -963
682, 829, -998
779, 1076, -1078
918, 1291, -1148
983, 1450, -1102
891, 1512, -1005
766, 1504, -982
741, 1357, -969
760, 1092, -936
760, 1092, -936
744, 782, -923
475, 258, -991
88, -400, -1124
-273, -964, -1328
-488, -1221, -1424
-,-,-
522, 309, -976
502, 317, -965
550, 437, -954
557, 548, -933
512, 485, -890
512, 485, -890
499, 448, -898
471, 489, -1005
437, 425, -987
460, 262, -943
457, 75, -975
295, -196, -1044
295, -196, -1044
131, -430, -1018
5, -625, -1006
-133, -816, -1045
-258, -950, -1113
-313, -958, -1150
-348, -954, -1125
-324, -929, -1101
-276, -999, -1163
-256, -1098, -1182
-199, -1125, -1124
-88, -1088, -982
-52, -1120, -1001
90, -1055, -989
90, -1055, -989
249, -810, -959
374, -556, -910
510, -249, -900
673, 72, -921
886, 474, -977
957, 921, -936
846, 1174, -944
856, 1438, -914
856, 1438, -914
1097, 1787, -911
1223, 1995, -911
999, 1874, -884
742, 1475, -861
567, 1022, -852
317, 469, -934
-61, -249, -1206
-418, -973, -1542
-,-,-
139, 8, -953
102, -39, -941
23, -114, -905
33, -124, -912
37, -120, -937
37, -120, -937
39, -109, -925
140, 27, -939
211, 131, -961
278, 198, -961
363, 381, -1010
548, 642, -1092
548, 642, -1092
775, 889, -1007
947, 998, -914
930, 974, -897
775, 756, -959
454, 367, -1074
142, -55, -1089
-89, -406, -1089
-255, -708, -1150
-337, -926, -1174
-312, -1070, -1138
-316, -1253, -1103
-452, -1466, -1110
-494, -1538, -1138
-440, -1483, -1111
-357, -1337, -1061
-172, -1176, -1037
-54, -1055, -1022
40, -932, -966
133, -769, -885
227, -587, -849
334, -364, -880
477, -10, -964
601, 465, -991
756, 881, -1006
756, 881, -1006
1001, 1400, -1023
1195, 1919, -968
1236, 1997, -887
1204, 1997, -855
1008, 1788, -842
794, 1306, -782
610, 759, -793
236, 39, -975
-226, -625, -1251
-434, -1022, -1391
-462, -1134, -1415
-464, -1143, -1330
-375, -973, -1254
-236, -759, -1159
-132, -522, -1079
-,-,-
506, -16, -1194
464, -1, -1194
374, 38, -1111
228, 16, -1046
91, -14, -998
91, -14, -998
-34, -43, -951
-110, -39, -927
-110, 0, -946
-2, 64, -1000
58, 124, -1030
213, 254, -1056
213, 254, -1056
428, 485, -1109
498, 650, -1065
569, 746, -967
734, 891, -925
830, 980, -904
706, 807, -831
466, 443, -821
466, 443, -821
206, -4, -924
56, -456, -1069
24, -787, -1154
-58, -1064, -1127
-136, -1283, -1108
-212, -1448, -1161
-436, -1610, -1178
-595, -1689, -1172
-613, -1644, -1074
-509, -1471, -961
-305, -1222, -855
-128, -993, -782
30, -827, -799
210, -626, -872
382, -342, -961
422, -25, -987
541, 297, -978
715, 770, -974
885, 1354, -1047
979, 1791, -1110
1087, 1991, -1076
1106, 1995, -994
883, 1757, -942
883, 1757, -942
553, 1278, -902
359, 707, -909
192, 111, -970
-100, -454, -1151
-343, -852, -1300
-507, -1081, -1317
-576, -1159, -1316
-428, -999, -1251
-,-,-
-30, -60, -1018
-9, -51, -1023
-24, -43, -1017
-50, -84, -1028
-57, -102, -1045
-54, -94, -1030
-53, -67, -975
-53, -67, -975
-64, -67, -938
-29, -25, -942
12, 8, -964
81, 116, -1011
159, 236, -1041
159, 236, -1041
318, 413, -1099
557, 703, -1156
746, 959, -1117
832, 984, -946
818, 809, -824
609, 458, -812
301, 12, -896
301, 12, -896
-27, -446, -978
-315, -857, -1058
-506, -1131, -1045
-583, -1305, -1011
-615, -1447, -1048
-596, -1527, -1105
-478, -1494, -1124
-142, -1137, -1023
-21, -1012, -946
72, -900, -906
72, -900, -906
179, -752, -868
258, -624, -898
325, -445, -961
383, -155, -1000
470, 240, -1002
615, 619, -1053
797, 954, -1158
896, 1279, -1142
920, 1491, -1033
935, 1600, -940
858, 1602, -908
751, 1478, -871
751, 1478, -871
836, 1428, -842
872, 1225, -811
758, 761, -862
453, 95, -1001
17, -511, -1201
-409, -1036, -1420
-759, -1431, -1576
-815, -1461, -1548
-614, -1221, -1383
-,-,-
460, -103, -1042
431, -87, -1022
399, -20, -1018
399, -20, -1018
319, -11, -1001
218, -10, -948
206, 44, -935
245, 118, -969
311, 187, -1020
431, 320, -1077
535, 488, -1179
690, 670, -1268
690, 670, -1268
809, 743, -1191
791, 682, -983
590, 480, -868
252, 106, -863
-77, -252, -868
-267, -465, -828
-395, -717, -882
-531, -951, -975
-559, -1133, -1028
-527, -1270, -1070
-473, -1348, -1127
-395, -1355, -1150
-252, -1269, -1186
-90, -1111, -1173
38, -948, -1129
83, -864, -1101
81, -778, -1086
117, -616, -1036
205, -394, -991
296, -93, -964
355, 250, -983
355, 250, -983
441, 566, -1019
462, 694, -1112
400, 688, -1164
398, 731, -1122
564, 972, -911
761, 1199, -812
906, 1325, -792
955, 1365, -725
955, 1365, -725
951, 1264, -662
920, 1072, -691
810, 843, -785
567, 522, -854
305, 127, -953
-17, -333, -1046
-430, -814, -1235
-838, -1169, -1497
-916, -1198, -1576
-681, -953, -1440
-360, -671, -1267
-101, -391, -1120
24, -171, -1042
68, -51, -1035
-,-,-
286, -78, -1005
286, -78, -1005
211, -36, -1004
184, -25, -996
169, -39, -1025
94, -89, -1038
86, -53, -1008
42, -59, -960
24, -62, -956
24, -62, -956
71, -1, -992
114, 93, -1022
200, 221, -1058
432, 401, -1147
666, 687, -1197
666, 687, -1197
767, 966, -1137
818, 1015, -1042
782, 869, -927
628, 593, -806
299, 161, -843
-35, -305, -947
-348, -867, -1040
-549, -1298, -1067
-619, -1509, -1110
-623, -1622, -1154
-617, -1663, -1186
-538, -1583, -1187
-306, -1327, -1141
-42, -1037, -1073
134, -821, -1001
210, -685, -945
254, -556, -935
292, -425, -943
364, -206, -903
434, 91, -864
506, 532, -842
634, 1002, -807
634, 1002, -807
798, 1288, -873
950, 1448, -1015
984, 1551, -989
891, 1494, -921
755, 1330, -942
627, 1121, -1020
608, 910, -1041
590, 619, -1012
410, 183, -1049
87, -350, -1201
-213, -798, -1296
-400, -1064, -1389
-528, -1206, -1436
-510, -1160, -1360
-390, -1006, -1247
-259, -819, -1120
-96, -595, -1084
-,-,-
297, -50, -1027
206, -87, -1013
134, -107, -995
126, -89, -979
102, -86, -1018
52, -100, -1040
52, -100, -1040
32, -73, -1049
57, -12, -1037
99, 73, -1044
149, 179, -1025
185, 241, -1033
279, 392, -1056
566, 721, -1110
883, 1022, -1137
883, 1022, -1137
959, 1019, -1015
876, 822, -891
642, 550, -841
250, 176, -940
-91, -230, -1034
-300, -535, -1034
-374, -695, -1008
-379, -855, -1067
-433, -1035, -1141
-443, -1173, -1171
-356, -1287, -1173
-271, -1324, -1139
-234, -1283, -1075
-249, -1216, -971
-191, -1151, -925
-85, -1113, -947
52, -1009, -977
188, -857, -1005
325, -661, -1035
485, -343, -1095
604, 135, -1142
749, 646, -1175
920, 1068, -1152
1206, 1699, -907
1370, 1997, -735
1268, 1997, -692
1103, 1996, -692
956, 1769, -797
811, 1354, -785
593, 801, -835
157, -21, -996
157, -21, -996
-329, -791, -1229
-594, -1229, -1407
-696, -1325, -1468
