-,-,-
-257, 63, -952
-256, 50, -950
-256, 50, -950
-275, 50, -957
-278, 49, -957
-261, 46, -955
-258, 54, -949
-271, 53, -947
-279, 51, -946
-279, 51, -946
-268, 47, -961
-240, 57, -964
-220, 45, -971
-212, 17, -985
-212, -30, -1014
-208, -106, -1070
-179, -234, -1126
-110, -404, -1174
-104, -583, -1220
-102, -796, -1319
-122, -973, -1448
-91, -978, -1360
-21, -780, -1224
42, -506, -1098
77, -138, -1027
-40, 224, -932
-40, 224, -932
-78, 625, -783
-61, 911, -750
-86, 1071, -726
-108, 1118, -650
-178, 980, -553
-290, 740, -449
-332, 489, -356
-350, 251, -287
-350, 251, -287
-336, 80, -208
-264, 3, -87
-157, -12, 18
-61, 43, 95
11, 92, 124
11, 92, 124
81, 75, 13
198, 12, -348
198, 12, -348
312, -51, -1057
422, -106, -1796
443, -168, -1997
410, -94, -1997
311, -14, -1997
205, 15, -1934
162, 69, -1552
150, 106, -1236
150, 106, -1236
125, 64, -1064
99, -26, -1025
114, -81, -989
-,-,-
-89, 80, -1017
-49, 43, -1030
-72, 0, -1086
-70, -62, -1082
-84, -142, -1092
-35, -278, -1178
5, -447, -1250
8, -546, -1229
19, -615, -1203
19, -615, -1203
9, -725, -1304
35, -752, -1372
51, -639, -1293
94, -381, -1077
155, 4, -909
191, 252, -954
235, 447, -1004
235, 447, -1004
189, 634, -899
50, 748, -698
-128, 751, -540
-126, 732, -410
-196, 599, -322
-239, 494, -164
-215, 402, 138
-242, 212, 403
-242, 212, 403
-141, 102, 569
61, 161, 566
210, 153, 188
298, -71, -681
342, -347, -1713
559, -276, -1997
559, -276, -1997
638, -82, -1997
489, 17, -1997
302, 59, -1950
234, 142, -1512
226, 109, -1194
210, 42, -1042
167, -50, -953
141, -178, -1025
230, -221, -1124
-,-,-
-14, -20, -1005
17, -130, -1096
17, -260, -1156
39, -329, -1180
67, -437, -1233
82, -548, -1314
82, -548, -1314
42, -573, -1280
-37, -601, -1240
-28, -614, -1248
10, -573, -1288
44, -438, -1233
134, -252, -1120
243, 21, -970
206, 303, -832
53, 448, -732
53, 448, -732
-88, 515, -692
-146, 573, -585
-205, 624, -278
-255, 631, 67
-249, 600, 316
-150, 584, 534
-150, 584, 534
-22, 554, 650
59, 455, 556
156, 251, -21
145, -59, -948
163, -225, -1829
245, -203, -1997
299, -203, -1997
299, 70, -1997
381, 472, -1981
373, 696, -1646
275, 645, -1361
145, 400, -1288
59, 125, -1325
29, -53, -1341
73, -99, -1305
161, -65, -1244
-,-,-
-162, -37, -955
-124, -38, -946
-101, -120, -1024
-40, -195, -1109
17, -259, -1135
56, -307, -1090
27, -407, -1114
7, -617, -1207
7, -617, -1207
21, -796, -1163
48, -802, -1097
78, -775, -993
149, -661, -950
233, -567, -986
315, -384, -1060
360, -120, -917
305, 207, -778
190, 510, -643
190, 510, -643
151, 698, -675
183, 742, -768
102, 675, -756
6, 574, -516
-32, 461, -157
-32, 461, -157
-135, 246, 242
-34, 346, 656
302, 518, 693
514, 303, -321
543, -43, -1628
554, -201, -1997
451, -127, -1997
363, 41, -1997
363, 41, -1997
408, 350, -1756
443, 449, -1333
380, 427, -1057
306, 259, -914
224, 25, -1021
201, -159, -1195
189, -223, -1270
233, -138, -1205
261, -26, -1067
303, 57, -990
303, 57, -990
320, 89, -956
344, 136, -934
359, 161, -920
324, 123, -928
299, 59, -997
-,-,-
123, -466, -1252
160, -457, -1274
170, -428, -1186
170, -428, -1100
148, -389, -1100
169, -382, -1059
188, -354, -1077
217, -321, -1073
218, -292, -1084
220, -262, -1120
200, -188, -1115
182, -88, -1045
167, 64, -1009
155, 199, -1000
117, 328, -891
25, 419, -823
-59, 515, -849
-59, 515, -849
-129, 645, -846
-171, 769, -754
-174, 788, -662
-145, 720, -582
-102, 677, -465
-49, 596, -261
-28, 417, -144
-62, 185, -107
-62, 185, -107
-81, 4, 33
-115, -126, 140
-73, -109, 98
58, -50, -218
58, -50, -218
260, -16, -692
455, 55, -1360
547, 47, -1944
663, 161, -1997
690, 298, -1997
548, 313, -1944
385, 279, -1602
385, 279, -1602
284, 224, -1258
243, 154, -1034
206, 62, -970
211, 16, -986
262, 11, -1045
299, 50, -1112
320, 103, -1129
320, 103, -1129
321, 127, -1123
-,-,-
-5, -371, -938
12, -446, -1025
64, -510, -1070
103, -516, -1051
139, -518, -997
157, -525, -1014
157, -507, -1023
169, -468, -993
113, -456, -1025
113, -456, -1025
80, -436, -1129
129, -335, -1173
173, -120, -1112
201, 92, -1116
170, 219, -1209
152, 367, -1123
72, 539, -959
-2, 622, -899
-76, 596, -956
-76, 596, -956
-130, 573, -845
-222, 544, -547
-255, 442, -257
-233, 333, -42
-215, 205, 102
-168, 67, 263
-108, -13, 362
-108, -13, 362
75, 27, 367
312, 159, 222
446, 136, -326
535, 61, -1371
535, 61, -1371
584, 89, -1987
640, 229, -1997
556, 326, -1997
383, 229, -1987
207, 159, -1742
185, 145, -1329
489, 3, -1828
57, 60, -705
57, 60, -705
108, 41, -468
258, -3, -1324
194, -24, -1083
118, 48, -719
118, 48, -719
-,-,-
-100, -50, -945
-100, -50, -945
-57, -66, -932
-43, -125, -1005
-39, -227, -1101
-30, -329, -1148
-61, -399, -1135
-43, -441, -1048
8, -504, -1012
35, -606, -1075
36, -668, -1137
83, -640, -1108
129, -570, -1030
42, -522, -1085
42, -522, -1085
17, -381, -1191
135, -121, -1197
166, 144, -1162
191, 452, -1029
200, 725, -893
170, 867, -736
26, 837, -624
-44, 746, -468
-44, 746, -468
-75, 629, -334
-72, 505, -154
-27, 405, 50
13, 368, 164
47, 380, 188
47, 380, 188
31, 328, 172
-11, 261, -179
147, 180, -746
296, 202, -1218
296, 202, -1218
348, 212, -1624
335, 176, -1962
331, 158, -1986
290, 275, -1919
247, 340, -1766
245, 337, -1578
317, 348, -1465
674, 54, -1903
-13, 279, -782
-13, 279, -782
111, 199, -633
137, 70, -691
181, 48, -845
175, 8, -895
188, -1, -924
-,-,-
-196, -101, -914
-279, -145, -926
-249, -215, -1002
-181, -271, -1073
-142, -349, -1129
-105, -462, -1162
-121, -559, -1245
-111, -598, -1323
-114, -630, -1284
-132, -622, -1165
-145, -567, -994
-93, -427, -892
-35, -253, -825
6, -84, -712
6, 47, -647
6, 47, -647
-222, 137, -721
-330, 300, -761
-279, 498, -829
-196, 750, -813
-117, 964, -537
-64, 1027, -179
-64, 1027, -179
25, 759, 36
9, 318, 303
-31, -60, 628
-31, -206, 800
-31, -206, 800
79, -137, 667
163, -182, 99
274, -244, -807
367, -254, -1899
496, -14, -1997
642, 349, -1997
641, 529, -1997
641, 529, -1997
566, 520, -1968
496, 403, -1733
304, 186, -1401
190, -14, -1205
120, -190, -1157
155, -198, -1139
205, -93, -1089
261, 33, -1048
319, 97, -1088
305, 94, -1156
305, 94, -1156
-,-,-
-104, -196, -1000
-88, -261, -1111
-42, -341, -1164
-24, -387, -1152
-24, -387, -1152
-8, -424, -1173
23, -544, -1294
27, -613, -1366
26, -586, -1303
-2, -488, -1246
35, -333, -1190
102, -154, -1158
143, 45, -1105
188, 312, -957
151, 552, -794
151, 552, -794
40, 704, -622
42, 778, -568
-9, 691, -576
-120, 514, -549
-215, 314, -509
-293, 113, -399
-293, 113, -399
-291, -23, -249
-177, 41, -74
-96, 163, 241
-12, 260, 379
76, 210, 51
76, 210, 51
198, 71, -720
292, 26, -1469
402, 72, -1926
574, 216, -1997
573, 336, -1997
573, 336, -1997
369, 350, -1950
237, 330, -1608
192, 314, -1322
-,-,-
-70, 165, -986
-59, 82, -1016
-37, 41, -996
-37, 41, -996
-39, -27, -974
-25, -147, -1026
7, -295, -1092
9, -421, -1063
64, -530, -1027
82, -651, -1085
90, -707, -1221
90, -707, -1221
69, -701, -1251
119, -547, -1172
232, -269, -987
297, 144, -802
225, 518, -718
85, 823, -718
47, 993, -692
60, 1002, -647
60, 1002, -647
-41, 829, -446
-289, 503, -164
-363, 238, 143
-246, 240, 354
-83, 309, 407
185, 301, 224
185, 301, 224
338, 162, -668
455, 50, -1571
600, 137, -1984
657, 296, -1997
641, 402, -1974
491, 344, -1733
491, 344, -1733
378, 294, -1474
296, 180, -1295
237, 85, -1182
203, 12, -1159
207, -34, -1192
199, -57, -1222
214, -19, -1200
-,-,-
45, 123, -968
45, 123, -968
54, 119, -973
7, 112, -981
-34, 115, -982
-100, 106, -981
-100, 106, -981
-160, 100, -1002
-245, 116, -1026
-360, 114, -1039
-462, 96, -1064
-505, 92, -1142
-558, 25, -1210
-639, -144, -1314
-693, -320, -1380
-503, -302, -1306
-151, -109, -1157
194, 33, -1017
409, 99, -978
659, 193, -879
812, 303, -800
812, 303, -800
873, 370, -741
775, 289, -685
508, 105, -716
277, -168, -793
171, -415, -855
170, -597, -883
159, -779, -915
167, -914, -949
167, -914, -949
179, -978, -971
247, -942, -969
358, -768, -903
391, -560, -875
313, -329, -911
276, 41, -895
224, 377, -996
280, 726, -1053
280, 726, -1053
332, 1053, -976
256, 1121, -905
170, 1053, -933
90, 914, -1001
-,-,-
124, 28, -1001
124, 28, -1001
109, 30, -997
135, 63, -962
110, 86, -927
72, 101, -907
72, 101, -907
-15, 138, -949
-159, 154, -1038
-330, 91, -1164
-508, 50, -1322
-633, -11, -1468
-799, -205, -1637
-811, -328, -1548
-570, -248, -1324
-278, -142, -1141
62, -11, -1040
378, 73, -916
564, 116, -822
564, 116, -822
743, 172, -723
893, 222, -635
774, 96, -717
738, -121, -822
647, -425, -792
554, -585, -702
391, -840, -739
391, -840, -739
150, -1242, -935
44, -1399, -1030
170, -1063, -886
309, -615, -732
463, -98, -689
530, 416, -769
350, 676, -944
318, 912, -1015
430, 1109, -1095
325, 1093, -1151
207, 994, -1127
61, 850, -1071
61, 850, -1071
-41, 710, -1036
-77, 561, -1002
-,-,-
-132, 79, -1247
-186, 111, -1206
-196, 126, -1271
-231, 111, -1294
-247, 96, -1242
-247, 96, -1204
-257, 94, -1280
-300, 27, -1364
-337, -22, -1306
-310, -15, -1159
-295, -77, -1054
-304, -153, -1029
-261, -254, -968
6, -171, -844
343, -9, -726
343, -9, -726
679, 145, -625
898, 148, -642
890, -96, -803
797, -327, -860
754, -401, -773
666, -482, -651
666, -482, -651
527, -628, -681
324, -811, -870
143, -883, -947
7, -801, -899
-26, -567, -813
17, -277, -830
70, 89, -873
70, 89, -873
196, 461, -937
307, 832, -975
340, 1077, -990
362, 1163, -1037
392, 1145, -1052
300, 991, -1010
163, 735, -1002
-,-,-
-138, 32, -1044
-138, 32, -1044
-107, -24, -1072
-40, -71, -1108
-16, -134, -1077
15, -184, -1056
68, -237, -1059
135, -379, -1100
123, -470, -1093
121, -514, -1052
121, -569, -1024
117, -580, -1000
114, -523, -921
98, -401, -864
95, -203, -819
95, -203, -819
95, -27, -855
121, 186, -889
90, 498, -829
9, 757, -809
-52, 855, -871
-52, 855, -871
39, 850, -884
45, 713, -801
-11, 525, -699
-70, 285, -593
-116, 78, -399
-116, 78, -399
-134, -117, -103
-130, -187, 107
-3, -11, 214
161, 79, -155
323, 13, -1096
444, -10, -1854
444, -10, -1854
443, 59, -1997
414, 182, -1997
426, 249, -1918
391, 299, -1616
329, 294, -1281
260, 258, -1053
193, 168, -972
160, 79, -978
160, 79, -978
151, 29, -1063
200, 32, -1093
-,-,-
82, -426, -1062
82, -426, -1062
132, -501, -1134
178, -518, -1133
187, -517, -1076
181, -516, -1060
175, -580, -1098
136, -595, -1101
87, -541, -1095
72, -450, -1156
65, -293, -1145
106, -4, -1010
157, 398, -810
169, 723, -645
103, 861, -656
103, 861, -656
125, 873, -680
72, 774, -668
-67, 648, -517
-213, 472, -275
-355, 232, -57
-411, 22, 274
-411, 22, 274
-244, 7, 596
206, 159, 249
487, 105, -902
593, 31, -1899
593, 31, -1899
553, 174, -1997
475, 319, -1997
352, 409, -1978
278, 374, -1597
188, 276, -1204
-,-,-
-22, -430, -1048
-22, -430, -1048
-19, -462, -1132
-25, -483, -1137
15, -435, -1110
55, -385, -1077
46, -334, -1058
23, -337, -1036
76, -308, -1006
112, -244, -1001
96, -198, -1036
82, -165, -997
83, -115, -968
18, -95, -942
18, -95, -942
-59, 52, -863
-111, 224, -755
-115, 362, -727
-42, 500, -703
59, 654, -614
59, 654, -614
112, 697, -466
45, 619, -228
-23, 493, 134
-111, 277, 467
-156, -7, 353
-156, -7, 353
-18, -253, -362
182, -293, -1122
476, -3, -1884
810, 373, -1997
877, 605, -1973
666, 593, -1992
415, 398, -1750
269, 236, -1488
269, 236, -1488
-,-,-
57, -137, -899
57, -137, -899
31, -134, -904
-16, -221, -964
-6, -275, -1013
-10, -323, -1043
12, -334, -1014
-1, -382, -985
-19, -419, -1005
1, -466, -1075
15, -495, -1114
15, -495, -1114
35, -503, -1086
68, -433, -1001
87, -333, -994
95, -224, -1003
157, -51, -977
153, 141, -876
101, 315, -807
52, 465, -845
52, 465, -845
32, 607, -881
76, 752, -883
112, 818, -825
106, 809, -668
106, 809, -668
46, 692, -424
-39, 523, -146
-92, 359, 147
-78, 184, 302
51, 30, 145
51, 30, 145
211, -45, -391
326, -113, -1089
464, -155, -1824
576, -12, -1997
651, 197, -1979
584, 249, -1992
508, 201, -1927
-,-,-
44, -254, -872
36, -273, -900
36, -273, -900
36, -283, -934
42, -339, -1030
18, -379, -1080
-14, -388, -1069
-51, -389, -1042
-9, -406, -1081
35, -431, -1151
24, -396, -1131
13, -326, -1043
31, -252, -938
31, -252, -938
-9, -176, -902
-44, -100, -898
-58, -17, -867
-23, 119, -813
-19, 251, -757
-77, 324, -783
-77, 324, -783
-87, 443, -842
-88, 604, -823
-70, 704, -789
22, 770, -741
110, 764, -653
179, 736, -422
179, 736, -422
223, 633, -81
318, 491, 242
473, 446, 353
516, 390, 123
516, 390, 123
340, 31, -728
220, -295, -1731
157, -362, -1997
174, -168, -1997
-,-,-
-11, -173, -824
21, -242, -920
50, -341, -1005
5, -432, -1087
-31, -533, -1170
2, -607, -1234
13, -651, -1232
10, -637, -1143
-15, -616, -1060
-33, -606, -1050
-36, -583, -1073
-14, -505, -1071
6, -402, -1011
6, -402, -1011
42, -266, -968
54, -184, -954
89, -76, -902
64, 81, -821
-49, 216, -728
-49, 216, -728
-11, 381, -574
34, 573, -397
42, 713, -164
51, 814, 42
51, 814, 42
15, 787, 237
32, 702, 344
66, 494, 195
66, 494, 195
12, 221, -476
58, -50, -1232
314, -72, -1869
413, -24, -1997
351, 53, -1992
351, 53, -1992
333, 227, -1992
257, 341, -1789
245, 357, -1490
176, 246, -1362
154, 143, -1299
154, 90, -1260
101, 13, -1199
-,-,-
24, -291, -815
-29, -236, -734
8, -236, -743
8, -236, -743
51, -259, -820
16, -358, -904
8, -444, -983
-7, -550, -1063
-40, -664, -1176
-62, -678, -1166
-43, -625, -1050
3, -556, -938
3, -556, -938
86, -479, -869
166, -430, -825
178, -363, -839
115, -170, -800
16, -18, -755
-26, 83, -782
-26, 83, -782
-61, 391, -796
-114, 812, -625
-99, 1125, -521
72, 1289, -501
193, 1308, -497
193, 1105, -395
68, 654, -242
68, 654, -242
-223, 156, -335
-415, -273, -350
-253, -327, -459
148, -149, -1028
391, 30, -1592
514, 139, -1860
599, 328, -1997
471, 299, -1993
410, 327, -1931
410, 327, -1931
292, -32, -1787
94, 211, -1043
79, 142, -820
-,-,-
-184, -489, -1035
-154, -516, -1033
-90, -469, -1006
-51, -463, -960
-28, -443, -932
-24, -451, -902
-4, -439, -856
-11, -416, -848
-22, -423, -861
-13, -430, -917
-20, -418, -947
-33, -418, -938
-33, -374, -938
-35, -302, -962
-5, -206, -1028
-6, -99, -1058
12, 27, -1034
35, 157, -984
-74, 210, -954
-74, 210, -954
-97, 319, -823
-106, 456, -617
-132, 555, -371
-134, 602, -163
-86, 679, 0
-8, 787, 89
-8, 787, 89
44, 782, -34
131, 591, -361
165, 299, -1009
137, 116, -1607
137, 116, -1607
156, 18, -1963
224, 62, -1993
286, 210, -1943
166, 237, -1794
70, 211, -1487
66, 232, -1244
92, 234, -1128
92, 234, -1128
-,-,-
-102, -111, -903
-135, -91, -913
-128, -48, -951
-118, -42, -1008
-94, -53, -1014
-55, -73, -976
-55, -73, -976
-34, -100, -931
-43, -180, -960
-29, -293, -1031
37, -415, -1044
73, -486, -987
97, -513, -952
89, -543, -947
72, -577, -956
72, -577, -956
33, -498, -976
39, -285, -976
105, -59, -998
213, 216, -1028
213, 506, -965
155, 744, -951
155, 744, -951
91, 892, -963
123, 978, -927
149, 955, -911
71, 787, -828
-3, 576, -685
-3, 576, -685
-69, 368, -519
-34, 232, -374
28, 106, -155
44, -7, 28
44, -7, 28
97, -18, -211
153, -39, -794
243, -27, -1446
374, 113, -1893
468, 243, -1967
468, 243, -1967
395, 211, -1880
273, 138, -1684
-,-,-
34, 82, -1247
92, 143, -1258
92, 143, -1258
122, 78, -1221
166, 33, -1136
166, -67, -1038
160, -224, -974
122, -385, -903
54, -525, -816
3, -627, -726
3, -627, -726
-21, -686, -678
-35, -700, -692
-39, -606, -708
-43, -421, -756
4, -228, -855
71, 30, -1026
63, 431, -1090
63, 431, -1090
73, 858, -1138
273, 1195, -1107
322, 1287, -1015
169, 1107, -825
-19, 798, -524
-162, 501, -287
-239, 248, -177
-265, 42, -104
-265, 42, -104
-204, -33, -33
-51, 12, -13
137, 86, -272
234, 102, -819
284, 95, -1402
284, 95, -1402
370, 188, -1795
457, 346, -1944
432, 380, -1934
279, 271, -1811
139, 163, -1613
77, 124, -1445
114, 126, -1259
117, 111, -1177
129, 90, -1169
129, 90, -1169
-,-,-
47, -259, -1351
-15, -82, -1580
51, 78, -1647
130, 154, -1659
125, 168, -1605
77, 152, -1417
77, 152, -1417
33, 108, -1134
-1, 82, -809
-8, 61, -539
6, 22, -352
6, 22, -352
24, 13, -246
34, 17, -271
34, 17, -271
24, -7, -390
18, -62, -495
-5, -106, -598
-68, -194, -684
-135, -279, -720
-144, -342, -757
-144, -342, -757
-155, -426, -839
-127, -520, -905
-64, -599, -927
11, -637, -936
73, -654, -956
96, -632, -942
36, -648, -906
25, -605, -885
70, -486, -894
70, -486, -894
-1, -399, -947
91, -12, -812
258, 569, -706
531, 1138, -913
746, 1439, -1214
617, 1441, -1327
468, 1332, -1233
274, 1109, -1060
92, 812, -762
92, 812, -762
2, 559, -478
8, 392, -166
83, 221, 65
83, 221, 65
244, 34, -285
152, -293, -1064
67, -424, -1684
192, -295, -1933
373, -43, -1978
408, 100, -1756
368, 166, -1368
316, 141, -1097
316, 141, -1097
297, 108, -998
185, -47, -1005
-,-,-
-103, 132, -986
-108, 114, -981
-104, 102, -985
-105, 61, -1005
-75, -13, -1039
-75, -13, -1039
-44, -108, -1045
-39, -207, -1033
-36, -353, -1053
23, -556, -1086
79, -739, -1042
103, -807, -946
85, -817, -923
67, -800, -991
165, -658, -1054
192, -371, -1040
115, 34, -1071
115, 34, -1071
49, 405, -1085
72, 672, -1027
79, 877, -865
14, 974, -612
-96, 914, -388
-136, 808, -146
-136, 808, -146
-99, 722, 57
-33, 615, 157
78, 455, 144
180, 196, -132
241, 13, -711
241, 13, -711
202, -151, -1411
154, -214, -1903
235, -32, -1997
326, 222, -1987
218, 229, -1881
-,-,-
-103, -119, -996
-55, -175, -1022
-36, -231, -1039
-59, -295, -1028
-35, -389, -1019
-4, -486, -1036
25, -542, -1017
30, -531, -950
-8, -508, -901
-8, -508, -901
-43, -424, -945
-43, -341, -1014
16, -177, -1028
73, 40, -963
61, 262, -916
12, 398, -931
12, 398, -931
-32, 463, -960
-66, 511, -945
-44, 550, -860
-47, 549, -755
-69, 477, -625
-69, 477, -625
-100, 391, -489
-120, 320, -289
-68, 236, 3
-37, 137, 212
92, 151, 294
92, 151, 294
252, 178, 63
367, -46, -683
375, -259, -1750
389, -230, -1997
425, -32, -1995
273, 54, -1997
273, 54, -1997
170, 89, -1758
115, 112, -1406
124, 101, -1208
106, 18, -1137
-,-,-
-154, 178, -930
-137, 59, -961
-116, -75, -1037
-101, -206, -1071
-81, -390, -1173
-95, -639, -1370
-127, -828, -1396
-103, -834, -1325
-44, -743, -1176
52, -537, -1029
52, -537, -1029
138, -249, -945
155, 62, -854
162, 402, -726
94, 678, -579
-7, 816, -476
14, 906, -423
14, 906, -423
-5, 922, -332
-46, 856, -131
-64, 759, 29
-16, 604, 109
-16, 604, 109
148, 476, 133
253, 328, -49
293, 57, -740
187, -198, -1562
138, -220, -1952
118, -176, -1986
118, -176, -1986
122, -63, -1949
147, 70, -1797
132, 139, -1542
-,-,-
-186, 9, -1029
-107, -95, -1050
-101, -217, -1015
-174, -396, -1034
-144, -506, -1034
-73, -620, -1065
23, -735, -1059
90, -745, -1001
64, -735, -1001
64, -735, -1001
26, -751, -1105
10, -704, -1196
86, -465, -1158
129, -25, -934
118, 407, -707
166, 756, -567
211, 973, -507
186, 1093, -296
186, 1093, -296
71, 1044, 37
-9, 891, 302
49, 694, 384
113, 406, 99
113, 406, 99
92, -15, -826
44, -338, -1729
88, -319, -1997
185, -93, -1996
214, 123, -1973
201, 257, -1795
201, 257, -1471
167, 279, -1471
83, 192, -1284
18, 41, -1165
-1, -87, -1097
-,-,-
-263, -27, -991
-224, -63, -982
-224, -63, -982
-206, -82, -950
-145, -191, -952
-78, -352, -981
-26, -499, -971
21, -635, -970
28, -789, -1023
-26, -923, -1117
-66, -871, -1182
-66, -690, -1188
20, -421, -1192
109, 37, -1161
164, 550, -1160
164, 550, -1160
139, 911, -1126
125, 1143, -939
16, 1145, -705
-134, 968, -447
-233, 754, -208
-266, 513, -9
-262, 268, 120
-116, 157, 203
-116, 157, 203
76, 156, 255
257, 142, 53
237, -16, -689
145, -193, -1482
158, -196, -1989
223, -96, -1997
223, -96, -1997
276, 81, -1995
175, 107, -1875
76, 85, -1490
31, 19, -1206
-,-,-
-117, -5, -1035
-129, -9, -1003
-150, -46, -1024
-121, -107, -1070
-73, -242, -1106
-26, -353, -1068
-2, -502, -1069
0, -628, -1074
18, -701, -1057
27, -675, -1018
-19, -583, -980
-35, -456, -992
13, -276, -1020
13, -276, -1020
48, -19, -989
59, 296, -854
22, 552, -720
10, 712, -638
-8, 808, -559
-8, 808, -559
3, 849, -386
-19, 781, -172
-62, 677, 53
-26, 564, 235
-26, 564, 235
116, 383, 55
161, 78, -623
44, -235, -1244
52, -292, -1757
123, -175, -1997
123, -175, -1997
107, -28, -1962
107, 119, -1837
118, 244, -1522
117, 250, -1407
60, 122, -1391
-9, -6, -1371
-4, -89, -1346
44, -81, -1296
-,-,-
-107, -41, -932
-140, -123, -973
-143, -136, -976
-107, -198, -1005
-94, -284, -1019
-54, -394, -1012
-39, -520, -1054
-18, -646, -1105
-19, -758, -1045
-23, -793, -989
-27, -755, -995
22, -655, -1018
144, -406, -996
144, -406, -996
165, -117, -1006
38, 123, -1020
-16, 348, -978
8, 587, -911
-9, 785, -778
-7, 935, -638
-7, 935, -638
-5, 949, -543
-95, 817, -438
-97, 720, -249
-53, 590, -19
-22, 336, 157
-22, 336, 157
132, 64, -71
126, -199, -734
19, -375, -1324
28, -320, -1684
218, -38, -1839
333, 166, -1867
333, 166, -1867
320, 245, -1748
242, 174, -1610
185, 63, -1501
94, -40, -1410
45, -116, -1349
-,-,-
-167, -213, -963
-104, -277, -1035
-10, -395, -1100
-12, -479, -1092
-48, -591, -1024
-37, -678, -1019
-12, -708, -1064
11, -672, -1061
11, -672, -1061
1, -571, -1014
5, -373, -995
-7, -111, -1028
-31, 177, -1047
-43, 422, -992
32, 706, -830
67, 884, -603
67, 884, -603
-4, 835, -422
-99, 671, -277
-129, 510, -106
-90, 370, 40
-90, 370, 40
21, 313, 109
174, 266, 100
252, 73, -222
195, -91, -915
195, -91, -915
148, -163, -1550
203, -90, -1965
280, 57, -1997
268, 150, -1990
202, 172, -1821
119, 120, -1626
100, 51, -1461
77, -24, -1347
-,-,-
-186, -47, -1007
-177, -143, -1020
-105, -202, -1014
-64, -297, -1010
-45, -498, -1133
-43, -682, -1308
0, -746, -1327
27, -722, -1207
46, -613, -1080
40, -447, -951
40, -447, -951
48, -274, -871
63, -67, -844
34, 201, -771
-48, 456, -691
-161, 628, -705
-169, 737, -774
-169, 737, -774
-186, 795, -851
-250, 760, -879
-277, 635, -899
-277, 469, -893
-285, 303, -798
-287, 142, -664
-242, -69, -515
-136, -250, -314
7, -186, -74
7, -186, -74
142, 28, 176
262, 218, 295
355, 247, 61
303, 16, -860
303, 16, -860
226, -177, -1818
253, -121, -1997
235, -7, -1997
186, 46, -1997
81, 1, -1873
84, 35, -1529
84, 35, -1529
105, 75, -1267
165, 104, -1085
146, 32, -1042
-,-,-
47, -508, -1012
86, -653, -1080
119, -736, -1081
122, -755, -1030
109, -755, -1019
109, -755, -1019
81, -763, -1117
38, -773, -1178
29, -630, -1155
42, -314, -1067
-3, 49, -957
-37, 325, -917
1, 554, -942
1, 554, -942
69, 776, -881
51, 879, -748
12, 851, -628
-39, 734, -474
-39, 734, -474
-117, 598, -333
-122, 455, -212
-109, 293, -108
-104, 171, -40
-5, 141, -4
127, 160, -64
127, 160, -64
165, 112, -740
123, -77, -1572
124, -49, -1984
188, 96, -1997
178, 113, -1997
104, 94, -1971
15, 72, -1718
15, 72, -1718
1, 95, -1416
37, 107, -1221
86, 84, -1124
92, 35, -1060
92, 35, -1060
88, 19, -998
75, 20, -953
62, 13, -961
62, 13, -961
-,-,-
-159, -55, -1017
-159, -55, -1031
-143, -80, -1031
-113, -47, -974
-105, -35, -921
-107, -153, -953
-121, -356, -1075
-118, -531, -1109
-91, -627, -1006
-63, -690, -887
-21, -731, -824
-25, -739, -846
-52, -643, -896
-22, -482, -929
36, -219, -942
0, 124, -954
0, 124, -954
-27, 454, -978
35, 698, -971
81, 846, -916
88, 846, -755
88, 846, -755
14, 709, -494
-33, 588, -147
-78, 405, 120
-92, 217, 213
-92, 217, -87
-25, 86, -87
2, -46, -591
129, -54, -1168
242, -57, -1784
252, -8, -1997
252, -8, -1997
219, 126, -1945
217, 275, -1782
202, 306, -1589
139, 237, -1438
100, 127, -1343
67, -3, -1327
52, -99, -1298
44, -142, -1244
-,-,-
-95, -181, -934
-112, -255, -993
-88, -319, -993
-60, -347, -987
-70, -412, -976
-49, -471, -965
3, -488, -966
21, -524, -970
0, -567, -953
0, -567, -953
4, -591, -966
12, -597, -1004
3, -498, -1035
-15, -300, -998
-39, -106, -937
-14, 129, -873
-14, 129, -873
-6, 413, -778
-91, 558, -752
-115, 600, -781
-125, 607, -832
-166, 639, -854
-143, 677, -776
-132, 616, -661
-109, 487, -484
-109, 487, -484
-57, 362, -280
15, 218, 37
86, 34, 209
172, -133, -227
135, -254, -986
135, -254, -986
135, -244, -1671
257, -126, -1997
363, 137, -1997
329, 302, -1983
210, 296, -1752
123, 204, -1450
89, 116, -1257
73, 34, -1114
90, -36, -1045
90, -36, -1045
85, -112, -1058
-,-,-
-252, -94, -958
-228, -227, -1021
-212, -308, -1068
-178, -383, -1079
-108, -480, -1109
-82, -608, -1105
-65, -703, -1074
-65, -773, -1019
-58, -744, -935
-34, -588, -849
-9, -376, -844
13, -192, -897
13, -192, -897
37, -11, -917
-23, 196, -856
-139, 406, -828
-164, 577, -831
-101, 681, -848
-46, 723, -814
-44, 680, -687
-44, 680, -687
-76, 586, -478
-64, 455, -282
63, 346, -14
174, 269, 192
220, 269, -30
220, 112, -30
209, -106, -577
162, -297, -1238
182, -345, -1827
257, -209, -1997
317, -15, -1990
335, 157, -1854
324, 213, -1643
307, 153, -1479
237, 40, -1384
237, 40, -1384
169, -60, -1283
150, -132, -1242
176, -140, -1238
189, -124, -1171
205, -66, -1067
234, 0, -997
255, 39, -973
247, 37, -960
247, 37, -960
-,-,-
-81, -150, -941
-68, -147, -910
-68, -147, -910
-106, -204, -899
-146, -318, -945
-162, -451, -955
-138, -522, -910
-118, -545, -858
-127, -603, -880
-130, -683, -955
-97, -699, -971
-21, -574, -952
0, -444, -969
56, -269, -963
96, -102, -937
128, 125, -848
128, 125, -848
129, 351, -819
114, 577, -925
182, 806, -995
223, 927, -1049
183, 872, -1072
105, 737, -958
105, 737, -958
57, 556, -715
1, 338, -497
-59, 149, -180
-55, -40, 126
102, -42, 81
102, -42, 81
237, -17, -478
303, -72, -1168
352, -79, -1725
368, -12, -1939
334, 49, -1991
279, 77, -1811
279, 77, -1811
225, 55, -1510
245, 41, -1331
234, 6, -1224
184, -53, -1171
145, -85, -1113
130, -98, -1066
130, -98, -1066
217, -28, -1019
240, -5, -1002
232, 31, -956
222, 60, -928
215, 66, -944
231, 57, -978
231, 57, -978
273, 80, -1057
-,-,-
-151, -274, -1000
-135, -337, -1067
-58, -394, -1066
-2, -448, -1021
37, -520, -1006
61, -589, -1093
11, -667, -1194
-18, -647, -1164
2, -492, -1063
11, -204, -966
38, 122, -917
114, 355, -922
114, 355, -922
133, 492, -913
105, 561, -830
59, 616, -731
-13, 607, -692
-42, 549, -653
-42, 549, -653
-29, 472, -588
18, 474, -410
72, 469, -199
176, 439, -47
276, 350, -77
276, 350, -77
263, 265, -313
268, 206, -653
261, 17, -1245
122, -237, -1871
22, -305, -1997
-39, -215, -1969
-12, -65, -1779
77, 86, -1643
77, 86, -1643
170, 187, -1485
191, 197, -1332
158, 133, -1221
123, 48, -1182
-,-,-
-209, -56, -953
-180, -127, -973
-163, -259, -992
-135, -351, -986
-135, -351, -986
-108, -465, -988
-66, -558, -1002
-44, -618, -1015
5, -574, -984
8, -452, -979
-67, -404, -1053
-105, -381, -1119
-50, -268, -1113
27, -59, -1037
58, 137, -919
27, 301, -827
27, 301, -827
-12, 445, -646
-64, 490, -434
-109, 549, -280
12, 739, -55
218, 892, 74
218, 892, 74
311, 756, -45
252, 378, -503
60, 34, -1187
-6, -182, -1540
-6, -182, -1540
24, -177, -1857
72, -100, -1968
50, 17, -1919
-20, 63, -1683
-48, 98, -1465
2, 94, -1295
2, 94, -1295
44, 93, -1202
56, 59, -1114
58, 20, -1058
42, -23, -1044
42, -23, -1044
1, -78, -1035
-,-,-
-123, -108, -1047
-89, -169, -1030
-105, -252, -1017
-117, -392, -1009
-77, -472, -1051
-10, -538, -1075
47, -586, -1022
68, -590, -974
74, -569, -997
74, -569, -997
37, -523, -1032
16, -425, -1023
63, -246, -996
120, 14, -913
112, 295, -794
78, 502, -701
78, 502, -701
73, 645, -668
122, 799, -624
162, 861, -436
163, 839, -242
229, 788, -185
350, 665, -226
350, 665, -226
311, 386, -559
123, 15, -1037
-20, -238, -1352
-71, -329, -1561
-75, -319, -1666
-35, -208, -1656
69, -29, -1579
139, 69, -1470
186, 108, -1431
186, 108, -1431
203, 104, -1424
163, 8, -1609
99, -131, -1318
85, -47, -977
54, -51, -941
106, -2, -941
106, -2, -941
159, 34, -938
-,-,-
-101, -86, -1014
-106, -102, -988
-69, -118, -939
-52, -227, -918
-75, -381, -962
-61, -575, -1007
-34, -711, -987
37, -790, -946
80, -826, -951
41, -869, -1066
5, -851, -1160
29, -851, -1151
29, -681, -1151
65, -349, -1037
47, 202, -871
-26, 715, -811
103, 1160, -843
323, 1351, -842
247, 1193, -697
10, 835, -451
10, 835, -451
-173, 502, -267
-200, 244, -154
-101, 158, -97
22, 139, -32
134, 98, -296
134, 98, -296
129, -10, -932
87, -44, -1513
154, 37, -1844
251, 127, -1943
245, 166, -1893
150, 98, -1742
87, 29, -1539
87, 29, -1539
77, 15, -1362
87, 13, -1203
87, 0, -1120
108, -5, -1121
108, -5, -1121
123, -10, -1130
144, 0, -1070
153, 25, -1015
199, 80, -991
212, 88, -985
212, 88, -985
154, 48, -1002
-,-,-
-166, -119, -1016
-113, -163, -1002
-82, -197, -951
-46, -275, -881
-18, -436, -880
-17, -631, -887
-17, -631, -887
-22, -777, -847
-23, -858, -788
-25, -851, -762
-66, -745, -828
-86, -528, -914
-35, -239, -946
49, 170, -865
101, 583, -768
101, 583, -768
105, 839, -725
62, 899, -688
12, 863, -566
-24, 772, -354
-28, 568, -134
0, 426, 46
0, 426, 46
187, 327, 61
268, 186, -464
268, 186, -464
149, -90, -1207
61, -265, -1874
57, -267, -1997
142, -99, -1994
205, 18, -1963
188, 38, -1715
181, 34, -1453
152, -10, -1229
152, -10, -1229
112, -81, -1118
-,-,-
-114, -275, -953
-86, -333, -969
-86, -333, -969
-57, -420, -1003
-29, -508, -1031
12, -585, -998
-6, -645, -956
-29, -663, -924
-33, -607, -947
13, -497, -962
142, -245, -892
215, 42, -808
215, 42, -808
209, 265, -746
154, 393, -715
55, 446, -668
43, 523, -470
112, 661, -192
112, 661, -192
198, 803, 79
191, 781, 167
146, 613, -59
123, 326, -542
123, 326, -542
150, 96, -1150
256, 18, -1643
383, 27, -1975
385, 41, -1997
340, 88, -1990
286, 144, -1846
279, 200, -1630
279, 200, -1630
241, 159, -1422
172, 76, -1237
144, 10, -1132
163, -50, -1079
177, -40, -1042
175, -40, -994
184, 7, -945
184, 7, -945
-,-,-
49, -309, -945
17, -382, -945
38, -395, -917
30, -429, -931
18, -531, -986
27, -597, -992
27, -597, -992
56, -564, -946
34, -542, -951
-1, -541, -1009
7, -455, -1035
52, -289, -1020
107, -104, -984
161, 107, -949
141, 271, -941
141, 271, -941
65, 386, -939
-26, 454, -943
0, 562, -940
20, 683, -900
20, 683, -900
16, 741, -849
21, 695, -854
31, 573, -835
9, 428, -738
9, 428, -738
26, 301, -634
48, 172, -468
91, 54, -234
149, 19, -125
149, 19, -125
204, 5, -68
214, -12, -288
195, -63, -812
187, -160, -1375
182, -169, -1832
182, -169, -1832
165, -104, -1997
199, -20, -1991
213, 35, -1906
209, 72, -1649
193, 84, -1372
206, 88, -1193
201, 60, -1095
-,-,-
-26, -71, -985
7, -151, -1089
-15, -180, -1143
-31, -243, -1132
-7, -314, -1066
15, -367, -989
5, -482, -985
5, -482, -985
0, -584, -984
10, -619, -946
21, -623, -873
29, -560, -821
38, -469, -821
38, -469, -821
47, -379, -857
34, -260, -894
35, -92, -893
6, 114, -873
-32, 319, -912
-32, 319, -912
-39, 483, -1020
18, 641, -1091
49, 760, -1109
61, 786, -1095
56, 721, -1072
15, 592, -1040
15, 592, -1040
-44, 456, -964
-89, 324, -893
-90, 197, -809
-65, 90, -724
-1, 45, -610
-1, 45, -610
46, 47, -384
123, 98, -179
220, 143, -48
241, 124, -33
241, 124, -33
255, 54, -371
217, -107, -970
203, -219, -1461
276, -195, -1810
329, -75, -1969
330, 22, -1932
236, 19, -1768
236, 19, -1768
191, 43, -1508
363, -65, -1819
109, 58, -917
150, 94, -714
137, -10, -804
179, -38, -944
179, -38, -944
-,-,-
-103, -249, -918
-67, -289, -927
-51, -288, -940
-24, -323, -948
-30, -365, -942
-24, -422, -964
-24, -422, -964
-4, -505, -1004
5, -547, -984
31, -502, -936
5, -478, -963
-38, -484, -1029
-22, -413, -1079
43, -245, -1085
72, -85, -1060
72, -85, -1060
75, 57, -1097
95, 163, -1061
51, 240, -987
40, 346, -932
42, 374, -971
42, 374, -971
-23, 386, -995
-68, 488, -937
-107, 582, -864
-113, 627, -839
-48, 638, -807
12, 608, -738
12, 608, -738
22, 527, -590
53, 393, -436
68, 225, -263
80, 94, -102
80, 94, -102
111, -15, -26
153, -108, -83
152, -185, -423
143, -229, -944
128, -231, -1524
171, -169, -1910
222, -93, -1987
222, -93, -1987
253, 25, -1994
214, 51, -1855
178, 47, -1604
156, 17, -1358
173, 14, -1166
165, 0, -1055
165, 0, -1055
141, -30, -995
139, -43, -975
182, 6, -1004
234, 79, -1046
261, 90, -1077
-,-,-
-34, -129, -965
-34, -129, -965
-41, -117, -980
-57, -166, -1041
-79, -208, -1088
-86, -180, -1098
-99, -110, -1075
-110, -90, -1031
-111, -139, -989
-92, -182, -932
-56, -245, -891
-7, -343, -834
28, -449, -777
6, -541, -764
6, -541, -764
-18, -593, -787
-30, -585, -799
-5, -480, -793
-23, -278, -812
-63, -69, -911
-42, 161, -983
-42, 161, -983
57, 462, -1012
225, 753, -1106
329, 921, -1210
318, 934, -1250
233, 820, -1172
165, 688, -964
73, 547, -736
24, 364, -526
24, 364, -526
25, 173, -304
46, 59, -122
103, 64, 14
103, 64, 14
113, 66, 10
156, 69, -462
151, -110, -1181
110, -187, -1883
64, -176, -1997
64, -176, -1997
86, -57, -1997
116, 52, -1864
136, 94, -1531
110, 80, -1238
116, 72, -1001
113, 57, -864
113, 57, -864
97, 18, -844
108, -3, -929
153, 1, -1059
199, 46, -1209
-,-,-
-142, -172, -1002
-147, -211, -988
-169, -302, -1003
-145, -362, -986
-104, -421, -947
-86, -465, -892
-40, -534, -869
-2, -575, -884
-2, -575, -884
-35, -607, -943
-79, -644, -993
-94, -626, -1001
-93, -540, -1011
-69, -425, -1032
3, -255, -1031
47, 8, -983
49, 287, -937
49, 287, -937
51, 483, -932
99, 630, -917
114, 685, -959
76, 633, -1007
3, 513, -1010
3, 513, -1010
-76, 422, -925
-127, 356, -773
-147, 284, -671
-90, 228, -574
-14, 196, -444
57, 193, -281
57, 193, -281
128, 234, -160
132, 218, -172
66, 76, -522
12, -60, -1083
-12, -124, -1550
-12, -124, -1550
31, -158, -1802
170, -56, -1954
232, 53, -1824
212, 100, -1551
148, 62, -1321
91, -2, -1217
89, -24, -1132
97, -40, -1063
97, -40, -1063
129, -34, -1019
143, -43, -1010
158, -23, -1015
166, 8, -1021
184, 22, -1053
230, 49, -1126
245, 87, -1165
245, 87, -1165
194, 87, -1179
-,-,-
-32, -255, -972
15, -323, -1012
25, -386, -992
93, -418, -982
157, -460, -953
135, -488, -902
135, -488, -902
93, -458, -864
35, -418, -923
-26, -402, -1020
-17, -327, -1052
14, -116, -1050
36, 115, -1061
72, 364, -1103
108, 557, -1101
152, 721, -1072
200, 841, -1071
200, 841, -1071
167, 811, -1097
60, 676, -1119
-9, 556, -1063
-57, 484, -967
-68, 405, -866
-65, 308, -762
-41, 231, -614
-41, 231, -614
0, 161, -399
70, 137, -154
185, 102, 14
272, 82, -15
272, 82, -15
224, 44, -233
133, -74, -612
118, -213, -1127
151, -255, -1604
192, -173, -1783
226, -29, -1787
279, 70, -1760
279, 70, -1760
341, 176, -1719
536, -120, -1919
-3, 160, -795
-3, 87, -700
33, -24, -727
33, -24, -727
86, -32, -806
-,-,-
-103, -88, -1024
-84, -119, -1036
-40, -181, -1021
-17, -251, -995
-24, -360, -983
-24, -360, -983
-23, -507, -975
-31, -623, -953
-20, -696, -892
-20, -711, -841
-19, -703, -792
15, -641, -769
-13, -570, -827
-42, -470, -920
16, -303, -959
16, -303, -959
91, -30, -989
141, 272, -988
105, 488, -1064
72, 607, -1190
172, 771, -1213
204, 857, -1154
196, 826, -1019
196, 826, -853
111, 669, -853
39, 486, -638
-26, 314, -374
-72, 117, -86
-153, -68, 137
-119, -94, 119
-119, -94, 119
37, 15, -249
127, 1, -863
206, -17, -1496
342, 85, -1953
445, 233, -1981
445, 233, -1981
359, 266, -1993
227, 170, -1767
110, 55, -1488
67, -43, -1232
69, -68, -1084
99, -69, -984
114, -117, -1074
140, -104, -1105
140, -104, -1105
158, -14, -943
175, 62, -935
193, 108, -1017
201, 121, -978
177, 95, -957
123, 26, -993
113, 8, -1006
-,-,-
-67, -244, -962
-66, -305, -954
-51, -365, -998
-67, -494, -1034
-77, -626, -1019
-35, -706, -957
18, -749, -914
18, -749, -914
57, -771, -909
82, -782, -935
123, -769, -972
154, -700, -1050
126, -591, -1134
129, -472, -1118
148, -332, -1079
226, -32, -1006
287, 326, -888
270, 554, -851
270, 554, -851
189, 681, -888
121, 882, -844
122, 1068, -807
97, 1045, -867
3, 860, -977
-74, 660, -965
-74, 660, -965
-81, 510, -894
-48, 374, -825
-6, 260, -693
3, 155, -452
2, 58, -176
2, 58, -176
63, 30, 16
211, 72, 30
211, 72, 30
244, 51, -510
190, -128, -1309
148, -248, -1853
239, -144, -1973
325, 17, -1991
268, 35, -1843
268, 35, -1843
229, 17, -1563
199, 0, -1336
212, 4, -1195
221, -3, -1128
209, -10, -1047
209, -10, -1047
183, 0, -971
195, 38, -964
181, 43, -1002
181, 18, -1052
191, 30, -1055
235, 48, -1025
235, 48, -1025
-,-,-
-31, -216, -1054
-36, -264, -1052
-83, -408, -1114
-105, -546, -1166
-69, -626, -1116
-34, -646, -1004
7, -670, -936
36, -746, -952
45, -810, -1020
82, -803, -1061
87, -742, -1028
87, -742, -1028
64, -631, -1007
37, -530, -1025
48, -401, -1117
74, -138, -1082
57, 231, -891
1, 546, -718
76, 811, -747
76, 811, -747
160, 1012, -826
147, 1066, -794
81, 987, -670
-31, 824, -529
-71, 662, -403
-66, 457, -246
-66, 457, -246
-42, 260, -89
96, 208, -11
227, 103, -209
160, -68, -927
63, -188, -1621
63, -188, -1621
-57, -208, -1924
-8, -65, -1910
175, 108, -1812
249, 232, -1673
226, 218, -1463
176, 135, -1246
132, -4, -1131
89, -119, -1152
78, -136, -1180
73, -122, -1147
73, -122, -1147
112, -59, -1096
173, 36, -1077
222, 121, -1080
222, 160, -1072
187, 149, -1061
146, 114, -1092
-,-,-
-72, -509, -1040
-32, -550, -1044
-32, -550, -1044
-26, -568, -1007
-8, -588, -952
9, -641, -938
12, -660, -966
-21, -661, -1045
-12, -612, -1053
38, -490, -1017
72, -295, -1022
100, -79, -1065
112, 111, -1139
131, 300, -1111
131, 300, -1111
121, 521, -1021
109, 681, -952
42, 691, -969
-20, 654, -987
-57, 612, -951
-73, 563, -859
-73, 563, -859
-97, 484, -725
-119, 411, -575
-131, 350, -407
-124, 272, -229
-106, 181, -82
-18, 156, 59
106, 145, 107
106, 145, 107
192, 116, -176
206, 53, -779
206, -45, -1408
201, -83, -1926
271, -14, -1987
318, 89, -1995
318, 89, -1995
267, 79, -1829
205, 47, -1605
171, 20, -1407
180, 28, -1224
186, 11, -1099
156, -20, -1030
156, -20, -1030
178, -33, -979
-,-,-
-40, 4, -1087
-42, -41, -1133
-35, -106, -1100
-35, -106, -1100
-58, -145, -1022
-55, -228, -980
-32, -341, -1010
9, -453, -1059
59, -493, -1067
58, -507, -1027
4, -504, -1044
-54, -482, -1132
-18, -379, -1137
88, -219, -1125
200, -44, -1132
215, 151, -1119
181, 335, -1025
181, 335, -1025
146, 501, -893
112, 597, -766
96, 654, -680
43, 671, -636
-59, 647, -619
-129, 576, -650
-129, 576, -650
-170, 476, -657
-162, 397, -588
-86, 365, -470
-3, 305, -368
38, 175, -227
34, 55, -77
34, 55, -77
123, 38, 29
242, 76, -230
323, -13, -985
323, -13, -985
358, -138, -1688
404, -104, -1956
484, -1, -1975
466, 92, -1893
411, 97, -1700
358, 107, -1448
327, 122, -1219
283, 73, -1085
283, 73, -1085
239, 1, -1231
198, -148, -1322
169, -20, -899
194, -7, -883
373, 97, -1037
362, 91, -995
362, 91, -995
-,-,-
-59, -89, -994
-94, -183, -1038
-106, -237, -1052
-100, -280, -1055
-77, -351, -1039
-74, -412, -1057
-80, -467, -1056
-67, -479, -1019
-56, -476, -955
-56, -476, -955
-48, -481, -939
-56, -480, -970
-57, -422, -1023
-41, -319, -1047
-2, -156, -1047
32, 20, -1030
68, 199, -994
60, 320, -968
60, 320, -968
13, 446, -973
3, 593, -927
-16, 682, -873
-16, 715, -858
-15, 694, -808
-15, 694, -808
-10, 650, -703
-33, 561, -531
-19, 458, -334
0, 349, -183
43, 265, -27
43, 265, -27
121, 190, 71
216, 74, -82
192, -45, -550
192, -45, -550
158, -139, -1081
209, -165, -1547
354, -94, -1909
446, 46, -1997
382, 103, -1972
424, 212, -1915
158, -218, -1212
27, 74, -589
25, 23, -513
25, 23, -513
138, 60, -706
-,-,-
-26, -127, -942
-16, -144, -984
-32, -210, -986
-51, -293, -994
-77, -413, -1024
-95, -539, -1090
-79, -629, -1088
-48, -656, -1024
-36, -643, -943
-53, -623, -914
-73, -620, -933
-95, -619, -932
-87, -532, -904
-87, -532, -904
-67, -401, -862
-51, -264, -815
-40, -131, -803
-3, 27, -795
58, 251, -759
104, 464, -638
104, 464, -638
144, 632, -546
227, 747, -458
282, 878, -317
284, 866, -143
218, 653, -159
133, 432, -454
133, 432, -454
111, 256, -858
86, 20, -1458
124, -103, -1896
279, 23, -1995
319, 185, -1964
242, 213, -1790
140, 169, -1580
159, 170, -1517
159, 170, -1517
179, 26, -1631
146, 114, -1042
68, 1, -1005
87, -22, -967
138, 20, -893
198, 66, -861
198, 66, -861
203, 96, -903
-,-,-
-110, -330, -903
-144, -419, -913
-144, -419, -913
-111, -470, -950
-96, -535, -956
-102, -573, -910
-100, -597, -878
-112, -670, -940
-142, -716, -1002
-169, -682, -1013
-170, -587, -1009
-125, -425, -1036
-77, -274, -1075
-10, -119, -1096
84, 83, -1050
122, 342, -929
106, 536, -804
76, 629, -703
46, 635, -618
46, 635, -618
11, 620, -539
-17, 570, -393
-31, 486, -201
-42, 441, -20
-42, 441, -20
32, 392, 85
132, 352, -326
123, 79, -1160
62, -220, -1840
129, -243, -1975
378, 39, -1997
378, 39, -1997
341, 153, -1936
233, 185, -1625
116, 144, -1365
70, 79, -1219
56, 0, -1151
81, -28, -1123
81, -28, -1123
114, -20, -1069
125, 0, -1014
114, 3, -983
133, 25, -969
168, 72, -964
168, 72, -964
191, 92, -942
175, 72, -961
169, 38, -963
-,-,-
-147, -135, -927
-159, -143, -933
-186, -249, -1016
-214, -339, -1057
-184, -402, -1064
-156, -413, -1019
-125, -432, -986
-93, -471, -973
-67, -501, -942
-4, -469, -887
-4, -469, -887
23, -412, -818
-21, -335, -795
-75, -262, -846
-104, -208, -905
-78, -66, -877
-26, 144, -770
-4, 298, -662
-4, 298, -662
-39, 390, -717
-65, 444, -868
-46, 517, -994
-44, 582, -1074
12, 702, -1141
63, 837, -1186
63, 837, -1186
68, 889, -1202
37, 842, -1206
8, 711, -1136
-9, 597, -952
-48, 429, -665
-73, 196, -358
-73, 196, -358
15, 83, -1
226, 136, 373
325, 117, 281
325, 117, 281
257, -103, -348
140, -402, -1140
80, -509, -1839
133, -451, -1995
291, -223, -1997
366, 14, -1983
328, 153, -1657
244, 179, -1304
184, 156, -1068
150, 97, -971
150, 97, -971
123, 39, -939
105, -24, -954
99, -51, -957
82, -51, -954
143, -6, -947
143, -6, -947
194, 60, -955
235, 106, -963
240, 129, -977
175, 75, -1008
-,-,-
-116, -61, -1023
-103, -178, -1045
-61, -316, -1030
-45, -449, -940
-52, -578, -879
-52, -578, -879
-28, -718, -937
-11, -873, -1047
10, -952, -1088
50, -864, -1005
51, -675, -880
25, -504, -833
4, -270, -838
42, 71, -866
42, 71, -866
184, 404, -902
340, 730, -860
365, 923, -733
277, 970, -616
277, 970, -616
192, 949, -473
73, 826, -243
-10, 688, -50
-94, 475, 116
-151, 220, 3
-151, 220, 3
-87, -65, -673
123, -162, -1543
351, -133, -1993
434, -42, -1989
361, -1, -1994
288, 43, -1724
188, 46, -1337
188, 46, -1337
135, 2, -1120
129, -56, -1092
136, -82, -1083
137, -80, -1040
179, -28, -982
236, 30, -1068
310, 4, -1393
310, 4, -1393
186, 66, -875
176, 92, -820
191, 58, -965
226, 5, -1154
-,-,-
4, -295, -933
-20, -309, -924
-20, -309, -924
-46, -411, -1042
-36, -510, -1149
-31, -576, -1154
-32, -566, -1080
-30, -512, -993
-36, -453, -938
-67, -426, -1019
-105, -436, -1139
-119, -416, -1174
-41, -294, -1178
29, -171, -1143
32, 3, -1066
35, 214, -940
35, 214, -940
45, 349, -864
43, 409, -831
32, 499, -805
-32, 574, -782
-85, 601, -784
-85, 601, -784
-108, 567, -781
-102, 466, -745
-106, 386, -630
-79, 341, -383
-25, 241, -115
44, 188, 111
44, 188, 111
208, 198, 308
312, 199, 170
263, 39, -588
137, -249, -1500
133, -324, -1983
260, -116, -1982
363, 121, -1997
363, 121, -1997
376, 257, -1919
761, 46, -1941
-95, 314, -642
-10, 193, -598
-,-,-
-63, -171, -895
-86, -304, -995
-140, -367, -1007
-122, -461, -1084
-111, -571, -1085
-89, -597, -992
-108, -606, -858
-120, -690, -816
-132, -732, -850
-149, -725, -892
-152, -665, -897
-151, -465, -910
-178, -206, -974
-128, 40, -1062
14, 280, -1075
14, 280, -1075
128, 558, -996
102, 701, -886
53, 716, -801
-25, 607, -700
-88, 475, -574
-122, 368, -409
-122, 368, -409
-125, 270, -257
-76, 190, -152
-8, 161, -71
80, 161, -14
131, 121, -185
131, 121, -185
138, 189, -700
160, 206, -1367
158, 126, -1947
191, 108, -1994
300, 210, -1997
249, 199, -1936
139, 128, -1635
73, 68, -1357
73, 68, -1357
35, 9, -1148
-,-,-
-256, -60, -951
-275, -137, -1039
-208, -186, -1029
-229, -260, -969
-222, -406, -973
-229, -604, -1023
-185, -752, -1033
-140, -810, -955
-194, -797, -888
-244, -785, -933
-294, -703, -998
-316, -415, -1061
-136, -3, -1023
-136, -3, -1023
76, 350, -899
124, 560, -759
-14, 602, -683
-185, 548, -675
-260, 534, -639
-282, 508, -547
-245, 480, -483
-121, 489, -402
-121, 489, -402
-21, 467, -281
89, 446, -98
163, 432, 84
175, 379, 189
163, 197, 99
163, 197, 99
185, -41, -539
198, -267, -1319
242, -376, -1908
454, -237, -1995
458, -111, -1997
300, -65, -1997
217, 6, -1909
217, 6, -1909
203, 60, -1618
-,-,-
-171, -268, -964
-217, -320, -977
-199, -356, -1005
-150, -381, -1032
-94, -449, -1092
-41, -519, -1128
-5, -551, -1085
-9, -510, -1044
-107, -500, -1078
-159, -480, -1084
-109, -374, -1023
-20, -157, -921
1, 114, -889
1, 114, -889
50, 383, -897
66, 558, -886
65, 683, -825
50, 752, -646
50, 752, -646
-15, 731, -471
-83, 628, -292
-101, 470, -58
-59, 389, 199
80, 388, 380
80, 388, 380
270, 300, 220
364, 154, -383
295, -80, -1193
143, -305, -1842
93, -324, -1945
93, -324, -1945
280, -73, -1981
421, 80, -1993
426, 119, -1944
321, 80, -1770
235, 14, -1573
210, -24, -1410
-,-,-
-111, -233, -1039
-110, -289, -1042
-123, -345, -1002
-122, -388, -980
-102, -456, -987
-76, -511, -944
-72, -514, -910
-102, -457, -965
-173, -430, -1086
-199, -373, -1145
-144, -239, -1141
-43, -38, -1077
53, 193, -1014
53, 193, -1014
103, 360, -982
104, 488, -989
43, 565, -945
-21, 563, -918
-35, 539, -938
-48, 530, -914
-48, 530, -914
-84, 524, -838
-109, 500, -743
-131, 427, -650
-130, 335, -555
-108, 258, -411
-65, 207, -213
52, 194, -3
52, 194, -3
213, 241, 127
358, 257, 129
432, 151, -303
360, -165, -1113
360, -165, -1113
253, -420, -1729
261, -411, -1937
305, -307, -1997
348, -145, -1982
305, -29, -1757
267, 45, -1473
262, 81, -1300
253, 53, -1243
-,-,-
-62, -134, -928
-59, -197, -962
-144, -295, -968
-210, -373, -968
-196, -440, -980
-188, -521, -983
-169, -589, -992
-165, -604, -963
-152, -572, -881
-127, -559, -858
-97, -574, -885
-91, -552, -888
-87, -462, -857
-98, -354, -820
-95, -243, -860
-95, -243, -860
-87, -103, -914
-51, 115, -937
-23, 369, -930
-10, 558, -953
40, 681, -998
26, 728, -1035
26, 728, -1035
-27, 710, -1025
-81, 637, -1022
-131, 540, -1025
-162, 422, -989
-152, 325, -892
-122, 266, -715
-67, 209, -482
9, 176, -253
9, 176, -253
66, 180, -45
106, 188, 135
128, 175, 191
195, 134, -197
195, 134, -197
195, -119, -1045
151, -344, -1757
205, -320, -1972
251, -191, -1997
239, -87, -1981
185, 20, -1730
185, 105, -1411
178, 108, -1206
-,-,-
-200, -218, -957
-162, -207, -912
-142, -230, -883
-129, -295, -898
-111, -359, -927
-139, -475, -956
-164, -552, -946
-160, -560, -899
-181, -527, -919
-170, -468, -964
-119, -338, -1022
-62, -122, -1045
-12, 92, -1056
-2, 218, -1080
-2, 218, -1080
-4, 326, -1036
-34, 423, -953
-69, 475, -862
-87, 485, -782
-96, 475, -679
-88, 460, -513
-88, 460, -513
-50, 456, -329
-22, 410, -183
-39, 338, -61
-14, 298, 39
138, 281, 103
138, 281, 103
227, 211, -361
199, -5, -1184
238, -126, -1804
333, -72, -1952
383, 37, -1997
311, 63, -1956
311, 63, -1956
191, 45, -1707
121, 52, -1461
91, 39, -1326
-,-,-
-141, -240, -902
-143, -290, -927
-183, -383, -988
-198, -473, -1033
-174, -514, -1026
-127, -508, -970
-113, -518, -900
-111, -512, -845
-87, -507, -816
-64, -470, -795
-40, -450, -823
-48, -419, -885
-73, -330, -923
-73, -330, -923
-92, -210, -951
-103, -31, -988
-105, 179, -985
-101, 389, -1002
-44, 607, -1051
13, 754, -1091
28, 767, -1155
6, 683, -1189
6, 683, -1189
-71, 574, -1106
-138, 482, -962
-134, 403, -787
-89, 348, -593
-57, 315, -397
-23, 274, -246
20, 250, -132
20, 250, -132
97, 213, 4
159, 118, 9
149, -35, -463
149, -35, -463
121, -206, -1073
158, -215, -1537
294, -106, -1882
292, -57, -1997
203, -59, -1995
142, -40, -1841
116, -2, -1581
106, 24, -1355
77, 0, -1206
77, 0, -1206
47, -27, -1116
-,-,-
-43, -291, -936
-68, -343, -930
-128, -457, -964
-128, -544, -980
-111, -594, -958
-84, -611, -889
-78, -620, -844
-93, -657, -855
-108, -688, -901
-57, -644, -937
-50, -571, -969
-66, -510, -1032
-44, -408, -1121
-44, -408, -1121
-24, -240, -1154
3, -55, -1190
67, 174, -1179
118, 435, -1121
146, 636, -1037
109, 710, -1020
53, 695, -1037
-27, 617, -1015
-60, 539, -989
-60, 539, -989
-57, 467, -935
-76, 378, -845
-90, 283, -757
-101, 179, -674
-115, 109, -564
-118, 57, -419
-89, 25, -268
-89, 25, -268
-27, 29, -151
60, 57, -46
170, 33, -133
170, 33, -133
200, -48, -632
126, -186, -1173
144, -221, -1578
260, -126, -1939
268, -74, -1996
251, -17, -1879
211, 17, -1624
205, 45, -1392
149, 22, -1247
149, 22, -1247
-,-,-
-145, -150, -927
-144, -185, -890
-149, -276, -891
-114, -354, -915
-97, -483, -933
-72, -572, -907
-43, -650, -871
-43, -650, -871
-51, -725, -867
-65, -728, -849
-97, -653, -845
-132, -575, -927
-101, -432, -1020
-14, -154, -1033
51, 212, -983
74, 499, -998
164, 753, -1050
273, 939, -1079
272, 985, -1070
272, 985, -1070
174, 907, -997
68, 770, -812
4, 596, -526
-49, 498, -342
-51, 371, -139
-51, 371, -139
-40, 243, 2
60, 138, 22
193, 50, -274
215, -69, -811
215, -69, -811
168, -247, -1408
213, -306, -1906
300, -190, -1997
294, -73, -1971
256, 31, -1788
218, -448, -1865
-96, 83, -676
1, 78, -648
1, 78, -648
112, 52, -750
131, 5, -861
99, -62, -992
99, -62, -992
120, -51, -1073
-,-,-
-133, -426, -811
-168, -534, -876
-162, -688, -927
-101, -764, -907
-83, -780, -875
-42, -805, -884
-35, -829, -889
-57, -824, -882
-88, -739, -852
-81, -592, -830
-39, -439, -892
-18, -290, -979
-1, -29, -983
-1, -29, -983
-60, 319, -942
-96, 610, -908
-14, 793, -972
45, 852, -1104
64, 858, -1110
-25, 758, -1048
-25, 758, -1048
-133, 622, -938
-164, 495, -836
-160, 357, -708
-132, 236, -562
-77, 139, -412
-1, 99, -239
63, 39, -43
63, 39, -43
170, 36, -12
216, 39, -315
137, -73, -908
137, -73, -908
59, -231, -1518
148, -168, -1905
245, -17, -1982
203, 49, -1899
126, 46, -1687
75, 29, -1474
65, 22, -1306
65, 22, -1306
52, -7, -1214
68, -38, -1156
60, -47, -1115
105, -19, -1118
-,-,-
-178, -399, -929
-178, -399, -929
-160, -407, -931
-147, -444, -994
-159, -449, -1035
-121, -419, -999
-111, -401, -931
-116, -420, -853
-106, -415, -784
-143, -379, -729
-218, -426, -769
-233, -451, -822
-178, -316, -774
-103, -81, -704
-13, 132, -759
78, 311, -926
127, 526, -1053
101, 711, -1088
128, 879, -1047
128, 879, -1047
151, 937, -1026
141, 849, -1101
45, 672, -1140
3, 537, -1056
-21, 415, -807
-11, 317, -531
34, 225, -233
34, 225, -233
37, 148, 94
40, 56, 198
110, -157, -363
110, -157, -363
35, -458, -1317
58, -502, -1891
179, -306, -1997
312, -33, -1997
332, 137, -1805
286, 159, -1471
252, 146, -1233
160, 63, -1044
-,-,-
-218, -380, -901
-162, -401, -1017
-147, -390, -1017
-130, -349, -966
-135, -396, -987
-215, -540, -1064
-269, -634, -1083
-222, -652, -1017
-148, -634, -905
-97, -646, -834
-67, -637, -804
-30, -529, -790
25, -337, -760
59, -63, -691
29, 206, -649
29, 206, -649
-28, 406, -697
-78, 580, -782
-54, 800, -850
34, 959, -941
54, 944, -1100
-13, 775, -1141
-13, 775, -1141
-77, 575, -1078
-59, 426, -870
-94, 271, -579
-104, 207, -259
-48, 195, 165
152, 100, 326
152, 100, 326
210, -98, -328
108, -414, -1289
91, -497, -1926
297, -196, -1997
378, 54, -1997
296, 166, -1860
162, 163, -1443
73, 79, -1166
73, 79, -1166
50, -12, -1031
46, -76, -943
51, -100, -924
-,-,-
-235, -238, -865
-197, -250, -954
-241, -274, -1008
-245, -370, -1070
-215, -435, -1087
-201, -459, -1038
-197, -511, -961
-198, -599, -910
-198, -652, -863
-172, -670, -796
-127, -628, -721
-97, -565, -690
-97, -532, -742
-112, -469, -850
-138, -350, -997
-108, -143, -1140
55, 161, -1219
171, 464, -1247
205, 695, -1257
205, 695, -1257
173, 819, -1270
120, 854, -1227
80, 833, -1148
6, 690, -1059
-70, 514, -940
-142, 340, -801
-158, 224, -634
-148, 140, -480
-148, 140, -480
-123, 88, -378
-56, 78, -294
11, 90, -184
46, 86, -107
62, 75, -116
62, 75, -116
72, 41, -308
145, -20, -695
214, -109, -1080
285, -153, -1453
355, -129, -1835
231, -215, -1997
120, -206, -1940
120, -206, -1940
98, -162, -1765
157, -84, -1602
-,-,-
-198, -58, -936
-165, -60, -904
-162, -150, -906
-211, -279, -914
-211, -279, -914
-228, -441, -865
-226, -611, -760
-173, -697, -685
-96, -737, -676
-102, -739, -775
-121, -692, -920
-84, -507, -1058
19, -153, -1115
93, 301, -1159
219, 732, -1217
328, 978, -1273
288, 946, -1274
179, 791, -1191
16, 563, -1051
16, 563, -1051
-110, 339, -895
-193, 171, -756
-225, 72, -621
-176, 72, -482
-88, 87, -368
0, 103, -250
0, 103, -250
83, 157, -105
125, 171, -9
140, 125, -166
156, 0, -660
156, 0, -660
127, -193, -1320
189, -323, -1904
228, -270, -1997
201, -173, -1957
101, -128, -1674
88, -58, -1430
118, -14, -1255
149, 34, -1108
163, 32, -1025
163, 32, -1025
-,-,-
-180, -99, -879
-217, -162, -898
-236, -256, -937
-251, -323, -951
-258, -396, -951
-281, -478, -940
-281, -478, -920
-272, -577, -920
-220, -617, -864
-169, -589, -829
-168, -548, -845
-164, -487, -942
-132, -386, -1078
-48, -201, -1153
57, 52, -1130
92, 252, -1086
108, 411, -1024
86, 529, -991
46, 601, -928
46, 601, -928
14, 630, -873
15, 629, -776
83, 649, -609
99, 631, -384
99, 631, -384
64, 565, -105
16, 425, 105
-5, 277, 128
-21, 127, -164
-21, 127, -164
9, -146, -645
142, -393, -1284
216, -483, -1819
317, -399, -1989
387, -196, -1990
339, -164, -1939
230, -168, -1804
188, -121, -1590
165, -68, -1392
144, -57, -1229
-,-,-
-264, -285, -1065
-252, -262, -977
-251, -267, -913
-238, -323, -858
-286, -480, -820
-231, -587, -761
-131, -592, -684
-76, -555, -637
-76, -555, -637
-54, -560, -659
-37, -519, -773
-75, -475, -870
-94, -291, -832
-123, 55, -811
-94, 403, -901
71, 711, -992
239, 945, -1089
239, 945, -1089
253, 1049, -1112
172, 1011, -1064
68, 854, -974
7, 661, -840
-30, 512, -603
-97, 349, -285
-111, 167, 25
-111, 167, 25
29, 74, 89
127, -54, -359
88, -208, -997
104, -277, -1575
104, -277, -1575
207, -264, -1912
338, -128, -1958
319, -16, -1842
272, -12, -1598
238, -30, -1459
173, -85, -1313
98, -152, -1161
91, -159, -1059
-,-,-
-203, 34, -997
-163, 47, -984
-150, 61, -976
-139, 16, -1018
-151, -53, -1049
-182, -134, -1048
-222, -231, -1082
-242, -324, -1158
-225, -365, -1163
-201, -366, -1100
-159, -362, -1036
-135, -337, -1030
-133, -351, -1051
-162, -334, -1069
-170, -258, -1046
-155, -131, -958
-115, 10, -853
-86, 152, -787
-85, 234, -809
-63, 311, -804
-63, 311, -804
-67, 374, -790
-60, 398, -834
-35, 383, -899
-39, 381, -892
-52, 396, -816
-93, 405, -715
-93, 405, -715
-171, 408, -585
-129, 408, -413
72, 437, -242
290, 464, -138
410, 421, 2
410, 421, 2
472, 222, 90
481, -80, -338
321, -404, -1387
-46, -616, -1952
-139, -431, -1997
14, -132, -1972
63, 88, -1897
63, 88, -1897
40, 197, -1644
49, 234, -1366
113, 241, -1175
-,-,-
-197, 27, -983
-119, 51, -962
-131, 19, -910
-165, -80, -933
-165, -80, -933
-142, -171, -980
-45, -273, -1007
-11, -396, -968
-4, -504, -1019
-24, -604, -1020
-5, -608, -1019
12, -601, -1141
0, -519, -1184
-14, -294, -1181
34, 6, -1090
117, 288, -926
117, 288, -926
162, 477, -794
106, 662, -745
115, 841, -689
101, 865, -596
139, 850, -376
171, 829, -103
171, 829, -103
184, 739, 192
251, 591, 308
367, 313, -41
330, -6, -878
330, -6, -878
111, -328, -1612
-8, -416, -1910
112, -239, -1835
355, 6, -1645
525, 158, -1600
539, 156, -1608
473, 84, -1464
375, 19, -1351
375, 19, -1351
315, -29, -1275
-,-,-
-142, 129, -1015
-66, 146, -947
-104, 135, -878
-126, 137, -814
-122, 125, -760
-135, -27, -765
-202, -235, -812
-183, -424, -831
-117, -542, -834
-38, -587, -914
9, -618, -1022
9, -618, -1022
6, -595, -1142
20, -419, -1200
78, -138, -1195
174, 184, -1139
150, 410, -1153
70, 556, -1234
76, 652, -1242
76, 652, -1242
74, 694, -1172
50, 667, -1029
6, 539, -856
-86, 405, -649
-199, 276, -440
-232, 169, -236
-232, 169, -236
-204, 100, -74
-128, 81, 75
-17, 121, 229
105, 200, 261
229, 280, 118
229, 280, 118
348, 185, -350
438, 82, -1247
429, -25, -1933
335, -104, -1997
203, -212, -1997
103, -247, -1997
128, -144, -1957
251, -13, -1723
-,-,-
-85, -202, -920
-66, -336, -1075
-66, -336, -1075
-59, -490, -1173
-41, -587, -1118
-24, -625, -1004
-5, -641, -918
41, -623, -877
45, -587, -919
18, -532, -1043
-28, -447, -1118
-73, -216, -1119
-77, 105, -1137
-5, 326, -1157
79, 458, -1128
79, 458, -1128
77, 514, -1053
-2, 512, -944
-99, 502, -859
-146, 491, -749
-166, 462, -624
-126, 419, -484
-126, 419, -484
-72, 371, -326
-16, 302, -177
34, 252, -81
73, 201, 9
77, 91, 82
77, 91, 82
110, 6, 30
110, 6, 30
130, -78, -453
207, -75, -1236
295, -29, -1859
469, 134, -1997
508, 262, -1997
441, 204, -1997
-88, -142, -1685
-88, -142, -1685
-57, 72, -1130
-32, -1, -927
-,-,-
-111, -494, -932
-86, -559, -976
-101, -559, -1035
-95, -480, -1067
-96, -433, -1088
-64, -371, -1074
-93, -221, -1015
-141, -44, -941
-178, 103, -863
-140, 286, -782
-110, 530, -722
-110, 530, -722
-102, 750, -773
-162, 743, -969
-206, 659, -1107
-223, 567, -1140
-217, 477, -1079
-200, 386, -946
-163, 295, -769
-119, 191, -607
-51, 127, -469
2, 55, -262
2, 55, -262
99, 63, -41
184, 84, 102
250, 57, 71
250, 57, 71
317, 101, -76
291, 141, -404
196, -63, -1076
196, -63, -1076
43, -327, -1827
30, -295, -1997
104, -69, -1997
194, 123, -1997
247, 232, -1931
212, 220, -1681
126, 156, -1399
72, 81, -1175
68, 8, -1049
68, 8, -1049
-,-,-
-94, -374, -884
-61, -409, -874
-22, -461, -926
-22, -461, -926
-30, -559, -994
-39, -696, -1022
-50, -743, -1012
-18, -724, -995
48, -659, -992
34, -580, -1058
41, -446, -1111
51, -303, -1125
33, -141, -1124
-14, 130, -1114
-94, 492, -1110
-94, 492, -1110
-68, 708, -1143
-5, 739, -1129
-20, 659, -1005
-67, 530, -815
-100, 378, -616
-115, 239, -461
-75, 179, -330
-12, 144, -237
-12, 144, -237
34, 113, -178
106, 81, -127
155, 90, -110
152, 156, -147
195, 134, -351
195, 134, -351
211, -94, -947
-14, -249, -1743
-73, -172, -1997
64, -6, -1997
153, 80, -1939
183, 120, -1702
161, 134, -1445
137, 135, -1223
137, 135, -1223
127, 101, -1082
128, 80, -1062
140, 55, -1090
168, 23, -1172
186, 6, -1201
165, -8, -1204
-,-,-
-169, -296, -984
-111, -354, -1010
-65, -384, -1010
-41, -459, -1023
-24, -573, -1046
-3, -659, -1054
64, -635, -1036
100, -553, -995
73, -501, -1060
15, -476, -1185
0, -323, -1240
23, -81, -1214
23, -81, -1214
73, 162, -1123
103, 413, -978
81, 587, -877
10, 631, -810
-63, 630, -739
-63, 630, -739
-81, 596, -598
-60, 577, -379
-17, 533, -154
5, 444, -34
71, 379, 8
71, 379, 8
151, 272, 4
202, 167, -117
202, 167, -117
180, 129, -385
100, -10, -804
59, -241, -1389
155, -256, -1952
288, -57, -1997
310, 138, -1997
227, 152, -1971
162, 125, -1813
151, 89, -1583
-,-,-
-58, -75, -928
-101, -69, -928
-134, -62, -923
-118, -120, -914
-131, -238, -902
-155, -374, -835
-137, -448, -801
-110, -575, -907
-60, -682, -1058
-11, -716, -1106
51, -625, -1067
101, -451, -1026
109, -185, -1041
29, 132, -1138
29, 132, -1138
42, 378, -1231
168, 553, -1232
188, 625, -1121
99, 595, -901
-31, 525, -724
-94, 446, -575
-60, 393, -403
-60, 393, -403
0, 382, -225
76, 345, -104
159, 302, -37
212, 240, -67
212, 240, -67
267, 154, -185
318, 92, -549
376, 35, -1045
365, -98, -1610
288, -207, -1908
260, -212, -1978
244, -146, -1897
236, -88, -1766
236, -88, -1766
246, -52, -1586
235, -21, -1451
290, -26, -1420
-,-,-
-196, -10, -905
-221, -54, -958
-203, -104, -988
-208, -165, -978
-230, -259, -986
-226, -351, -1016
-210, -425, -1034
-113, -451, -1024
-19, -476, -1012
15, -497, -982
15, -497, -982
21, -556, -985
-28, -627, -1028
-73, -679, -1061
-120, -597, -1039
-169, -371, -1008
-118, -88, -947
32, 185, -896
72, 394, -884
-20, 569, -904
-198, 694, -940
-198, 694, -940
-218, 797, -974
-151, 766, -987
-95, 649, -918
-51, 531, -799
-41, 380, -665
6, 273, -550
74, 174, -378
74, 174, -378
156, 78, -167
205, 66, 1
254, 79, 150
254, 79, 150
277, 84, 173
235, 99, 6
235, 99, 6
154, -92, -690
99, -420, -1711
115, -501, -1997
246, -250, -1997
321, -14, -1997
268, 93, -1997
169, 117, -1840
-,-,-
62, -220, -791
13, -417, -890
-67, -580, -902
-74, -724, -924
-97, -851, -892
-47, -848, -832
31, -756, -802
8, -721, -856
8, -721, -856
-18, -732, -976
-58, -687, -1063
-70, -512, -1040
-44, -293, -1009
-5, -131, -995
23, 23, -988
33, 185, -941
33, 185, -941
24, 292, -852
6, 368, -717
-63, 458, -460
-155, 537, -220
-247, 625, -130
-247, 625, -130
-230, 764, -3
-130, 877, 164
-35, 836, 229
-82, 465, 29
-253, -92, -690
-157, -392, -1659
48, -374, -1997
48, -374, -1997
315, -68, -1997
457, 260, -1997
373, 376, -1901
212, 313, -1492
96, 172, -1179
20, 16, -1042
16, -67, -1004
25, -107, -988
25, -107, -988
34, -72, -1021
71, -20, -1043
-,-,-
-114, -389, -845
-81, -534, -865
-35, -497, -875
49, -476, -903
60, -527, -962
38, -649, -1023
4, -707, -1017
4, -707, -1017
12, -704, -1012
43, -679, -1009
22, -640, -979
31, -546, -990
-22, -434, -1020
-74, -285, -1037
-143, 95, -967
-169, 575, -869
-9, 916, -802
-9, 916, -802
77, 987, -781
24, 828, -829
-132, 541, -905
-285, 268, -958
-298, 157, -838
-298, 157, -838
-220, 176, -578
-144, 164, -391
-70, 88, -301
-27, -6, -151
50, -22, 11
166, 82, 21
166, 82, 21
196, 125, -335
165, 65, -1043
219, 97, -1765
219, 171, -1997
219, 171, -1997
197, 203, -1997
-,-,-
-101, -270, -857
-84, -274, -830
-84, -274, -830
-29, -359, -852
8, -467, -934
18, -624, -1027
15, -767, -1073
17, -793, -1072
26, -738, -1045
-4, -632, -1046
-10, -414, -1067
0, -87, -1138
0, -87, -1138
75, 305, -1158
155, 542, -1126
161, 621, -1048
69, 591, -927
-68, 544, -797
-110, 524, -622
-110, 524, -622
-83, 511, -453
-3, 520, -313
56, 472, -215
91, 397, -125
131, 338, -48
131, 338, -48
154, 246, 11
142, 145, 60
117, 15, -384
115, -117, -1189
142, -192, -1857
218, -58, -1997
218, -58, -1997
273, 105, -1997
282, 230, -1997
231, 239, -1875
146, 177, -1559
97, 110, -1294
-,-,-
-125, -159, -853
-207, -193, -895
-234, -222, -938
-179, -222, -965
-139, -217, -942
-90, -223, -908
-74, -271, -938
-99, -369, -1005
-100, -438, -1051
-74, -459, -1067
-23, -449, -1067
-6, -431, -1065
22, -356, -1050
27, -207, -1062
19, -100, -1123
28, 6, -1155
28, 6, -1155
59, 151, -1118
42, 304, -1033
3, 412, -942
-59, 459, -893
-114, 492, -851
-114, 492, -851
-117, 565, -778
-119, 630, -681
-131, 619, -627
-133, 517, -630
-112, 402, -591
-82, 319, -491
-49, 198, -371
-15, 65, -218
-15, 65, -218
27, -7, -102
94, -10, -3
169, 43, 2
169, 43, 2
269, 68, -184
369, -7, -908
452, -144, -1843
503, -87, -1997
503, -87, -1997
496, 46, -1997
350, 68, -1997
-,-,-
-87, -278, -966
-34, -260, -978
-17, -254, -987
0, -264, -1005
17, -296, -980
0, -369, -996
-62, -475, -1078
-90, -509, -1142
-69, -486, -1127
-40, -421, -1055
-40, -421, -1055
-27, -369, -1006
-23, -289, -1007
-18, -191, -1003
15, -60, -952
44, 120, -847
39, 316, -785
-8, 398, -798
-44, 426, -879
-44, 426, -879
-72, 463, -969
-114, 543, -961
-113, 605, -917
-101, 594, -873
-89, 513, -804
-92, 424, -697
-81, 337, -557
-81, 337, -557
-41, 256, -350
-6, 163, -150
29, 94, -18
54, 46, 22
54, 46, 22
133, 52, -5
209, -6, -271
209, -6, -271
275, -99, -955
402, -86, -1744
451, -31, -1997
403, -2, -1997
338, 18, -1997
274, -34, -1977
215, -79, -1716
215, -79, -1716
-,-,-
-22, -369, -911
-22, -369, -911
-58, -467, -976
-26, -537, -1039
-19, -662, -1139
10, -729, -1185
81, -741, -1127
109, -686, -987
133, -645, -924
148, -642, -934
153, -580, -982
117, -477, -1010
106, -351, -1016
100, -203, -1061
48, -25, -1123
48, -25, -1123
3, 166, -1159
13, 422, -1053
-58, 726, -933
-110, 977, -920
-90, 1046, -968
-69, 965, -987
-69, 965, -987
-37, 774, -927
-15, 554, -706
-50, 353, -448
-87, 180, -236
-65, 58, -20
-64, -41, 129
-64, -41, 129
-22, -59, 175
118, -1, 162
252, 24, -105
288, -71, -905
288, -71, -905
351, -141, -1697
413, -137, -1997
770, -210, -1992
-229, -492, -1894
-139, 28, -1408
-84, -54, -1204
318, 112, -1398
420, 213, -1351
-,-,-
-80, -470, -1005
-63, -562, -995
-11, -511, -953
-11, -501, -929
4, -511, -929
29, -526, -963
41, -521, -980
41, -521, -980
27, -518, -974
3, -518, -957
-46, -531, -983
-76, -536, -1016
-67, -489, -1023
-22, -404, -969
-42, -304, -1003
-43, -201, -1085
6, -68, -1091
6, -68, -1091
47, 94, -1039
47, 290, -958
12, 440, -846
22, 571, -709
29, 637, -517
29, 637, -517
-16, 694, -195
-5, 705, 73
-2, 628, 279
-2, 628, 279
6, 463, 402
124, 326, 296
169, 122, -416
106, -182, -1495
157, -220, -1997
157, -220, -1997
259, -38, -1997
301, 113, -1997
255, 176, -1997
145, 148, -1811
90, 94, -1426
65, 52, -1135
64, 13, -946
-,-,-
-147, -219, -839
-159, -255, -849
-163, -365, -887
-178, -490, -991
-140, -595, -1042
-68, -600, -1054
-11, -576, -1039
19, -543, -1031
5, -547, -1055
-39, -531, -1111
-60, -355, -1119
-45, -100, -1079
-14, 137, -1025
-1, 339, -984
-1, 339, -984
-72, 515, -975
-177, 605, -993
-185, 660, -971
-167, 670, -915
-152, 629, -795
-130, 554, -628
-100, 465, -463
-61, 347, -302
-61, 347, -302
-24, 208, -152
55, 122, -46
182, 75, -10
255, 38, -48
255, 38, -48
337, 125, -218
344, 82, -603
269, -161, -1229
132, -299, -1762
72, -197, -1995
127, -35, -1997
156, -24, -1997
-,-,-
-209, -103, -1047
-205, -197, -1066
-160, -269, -1032
-127, -308, -1012
-76, -388, -1009
-40, -463, -1125
-36, -511, -1203
6, -469, -1201
22, -408, -1128
22, -351, -1059
6, -304, -1017
6, -304, -1017
-18, -191, -962
-83, -31, -967
-146, 115, -1014
-87, 280, -988
-6, 417, -913
19, 511, -832
-72, 599, -814
-72, 599, -814
-156, 674, -794
-177, 657, -776
-116, 594, -670
-61, 539, -512
-18, 405, -361
35, 269, -186
88, 154, -9
88, 154, -9
157, 79, 57
283, 93, 73
283, 93, 73
375, 96, 3
378, 31, -358
378, 31, -358
188, -130, -1010
104, -172, -1566
232, -144, -1976
344, -83, -1997
-,-,-
-4, -305, -981
-15, -392, -1009
-15, -505, -1055
27, -564, -1068
52, -552, -1073
33, -565, -1065
-4, -595, -1079
-4, -595, -1079
-24, -575, -1102
-38, -449, -1141
-11, -212, -1175
31, 25, -1210
64, 208, -1190
79, 347, -1119
22, 456, -996
-54, 489, -870
-54, 489, -870
-129, 469, -810
-141, 467, -728
-117, 485, -660
-92, 493, -586
-36, 473, -487
-8, 441, -371
0, 420, -259
0, 420, -259
36, 370, -138
72, 322, -12
122, 262, 51
122, 262, 51
155, 129, 66
142, -33, -388
110, -206, -1098
200, -205, -1773
301, -105, -1997
337, 17, -1997
294, 105, -1993
294, 105, -1993
219, 143, -1754
165, 124, -1463
189, 108, -1293
160, 51, -1206
105, -7, -1153
121, -20, -1175
-,-,-
-81, -257, -1039
-98, -280, -1051
-84, -319, -1101
-110, -330, -1147
-126, -323, -1133
-115, -339, -1094
-62, -327, -1069
-21, -321, -1054
19, -293, -989
22, -291, -947
-44, -303, -970
-44, -303, -970
-112, -257, -998
-103, -132, -952
-38, 69, -858
-29, 278, -831
-69, 424, -796
-104, 502, -783
-127, 529, -800
-169, 599, -798
-219, 669, -782
-193, 711, -717
-193, 711, -717
-195, 616, -725
-193, 462, -666
-187, 332, -529
-179, 209, -341
-58, 154, -143
124, 153, 90
287, 210, 292
287, 210, 292
431, 283, 302
435, 181, -87
332, -122, -987
181, -330, -1890
130, -305, -1997
173, -137, -1997
334, 94, -1997
334, 94, -1997
395, 241, -1997
354, 278, -1764
256, 209, -1372
141, 40, -1145
58, -111, -1018
74, -139, -977
125, -88, -978
-,-,-
-182, -529, -1004
-126, -593, -1034
-25, -632, -1065
-9, -654, -1074
-20, -668, -1080
-9, -638, -1068
-6, -581, -1077
-1, -501, -1099
10, -374, -1078
26, -196, -1021
3, -12, -1013
-70, 122, -1066
-143, 202, -1107
-160, 264, -1088
-150, 333, -1002
-150, 333, -1002
-126, 430, -861
-118, 490, -771
-135, 473, -729
-193, 394, -723
-204, 331, -667
-156, 329, -556
-102, 355, -396
-7, 370, -273
105, 403, -174
155, 391, -97
155, 391, -97
180, 345, -68
237, 301, -31
264, 206, -62
198, 26, -302
198, 26, -302
68, -101, -694
91, -154, -1122
190, -234, -1887
329, -176, -1997
399, 11, -1997
361, 117, -1997
233, 93, -1968
233, 93, -1968
138, 34, -1734
98, 2, -1487
69, -32, -1257
100, -45, -1102
149, -44, -1042
-,-,-
-197, -239, -978
-151, -267, -985
-155, -357, -1012
-170, -414, -964
-186, -469, -892
-161, -551, -844
-114, -662, -877
-44, -675, -896
8, -577, -885
-1, -523, -944
-59, -532, -1047
-96, -491, -1083
-68, -304, -1085
-84, 10, -1063
-84, 10, -1063
-94, 291, -1034
-76, 436, -1021
-83, 427, -1009
-97, 452, -927
-166, 474, -810
-234, 452, -717
-285, 407, -678
-268, 375, -627
-268, 375, -627
-206, 389, -523
-120, 405, -361
-52, 364, -223
1, 307, -136
2, 236, -41
-11, 180, 43
-11, 180, 43
67, 201, 128
190, 151, 124
362, 60, -433
362, 60, -433
459, -45, -1357
389, -123, -1944
357, -97, -1997
380, -38, -1997
293, -31, -1997
131, -37, -1966
63, -36, -1671
84, -38, -1469
84, -38, -1469
121, -22, -1379
161, -34, -1343
-,-,-
-92, -447, -942
-92, -447, -942
-43, -477, -911
-43, -538, -889
-37, -570, -859
-28, -640, -893
-17, -707, -960
-26, -683, -1009
-54, -637, -1031
-32, -534, -1032
-26, -362, -1080
-49, -236, -1158
-9, -88, -1145
41, 97, -1038
41, 97, -1038
46, 273, -908
-15, 369, -876
-49, 420, -879
-65, 478, -849
-50, 565, -746
-50, 565, -746
-40, 602, -641
26, 638, -562
65, 620, -498
69, 568, -442
77, 483, -374
77, 483, -374
116, 418, -292
148, 328, -305
164, 216, -344
103, 127, -295
0, -2, -209
0, -2, -209
-66, -240, -380
116, -396, -1140
367, -345, -1936
533, -127, -1997
490, 62, -1997
201, 24, -1997
56, -111, -1761
