-,-,-
-154, 130, -945
-,-,-
-161, 103, -958
-162, 97, -968
-149, 89, -972
-149, 89, -972
-133, 76, -980
-121, 55, -984
-120, 11, -996
-102, -58, -1022
-98, -130, -1042
-91, -231, -1056
-65, -390, -1079
-64, -537, -1118
-96, -666, -1178
-138, -825, -1234
-167, -934, -1158
-229, -924, -1016
-70, -700, -887
111, -341, -826
250, 10, -885
250, 10, -885
379, 334, -970
226, 492, -1084
94, 628, -1058
250, 942, -998
347, 1186, -976
276, 1219, -988
276, 1219, -988
-,-,-
-135, 107, -954
-171, 145, -975
-167, 126, -972
-181, 92, -972
-201, 54, -969
-197, 9, -979
-197, 9, -979
-181, -61, -993
-137, -161, -980
-96, -255, -947
-113, -396, -970
-191, -587, -1057
-221, -703, -1095
-186, -740, -1068
-115, -688, -1055
-59, -660, -1036
-57, -605, -998
-5, -483, -994
17, -381, -1031
23, -292, -1028
65, -101, -969
65, -101, -969
-10, 121, -941
121, 336, -946
141, 525, -1101
214, 871, -1107
230, 1131, -1017
66, 1040, -934
-58, 861, -956
-71, 861, -969
-71, 738, -969
-133, 572, -946
-153, 415, -925
-250, 227, -955
-,-,-
-170, 134, -948
-168, 138, -968
-192, 131, -978
-203, 116, -973
-203, 116, -973
-194, 108, -963
-193, 108, -972
-186, 109, -968
-177, 117, -968
-174, 112, -957
-173, 93, -948
-166, 66, -951
-152, 35, -964
-152, 35, -964
-147, -27, -988
-146, -124, -1013
-140, -232, -1031
-132, -343, -1029
-115, -438, -1031
-115, -535, -1067
-127, -620, -1082
-134, -689, -1090
-165, -721, -1078
-158, -678, -1040
-86, -551, -998
-8, -346, -999
-18, -242, -1027
26, -50, -1045
173, 316, -1037
274, 689, -1004
257, 878, -1003
74, 906, -1012
76, 983, -969
76, 983, -969
46, 977, -967
-22, 808, -1005
-135, 576, -988
-232, 370, -966
-281, 235, -937
-288, 179, -907
-252, 175, -914
-204, 163, -913
-204, 163, -913
-,-,-
-190, 89, -955
-187, 95, -983
-187, 95, -983
-175, 103, -985
-191, 97, -979
-192, 79, -964
-200, 69, -952
-210, 53, -946
-204, 31, -966
-204, 31, -966
-190, -5, -974
-179, -75, -996
-146, -199, -1031
-135, -360, -1059
-157, -480, -1083
-187, -555, -1079
-173, -630, -1089
-120, -655, -1094
-77, -597, -1061
-32, -537, -1013
-24, -507, -1013
-145, -463, -1055
-25, -253, -1016
52, -11, -1049
127, 266, -999
163, 616, -928
8, 777, -860
8, 777, -860
-116, 789, -860
-8, 844, -980
31, 851, -1063
-35, 751, -1075
-167, 605, -1004
-220, 487, -932
-215, 425, -940
-215, 425, -940
-182, 379, -925
-175, 358, -881
-204, 236, -880
-251, 118, -921
-219, 101, -939
-185, 89, -955
-,-,-
-128, 144, -963
-142, 143, -961
-133, 135, -979
-163, 123, -982
-172, 111, -985
-166, 100, -976
-185, 86, -980
-178, 68, -978
-166, 43, -988
-172, 5, -985
-172, 5, -985
-161, -36, -987
-138, -140, -1029
-136, -275, -1079
-136, -336, -1100
-143, -401, -1087
-141, -493, -1077
-120, -572, -1083
-83, -590, -1059
-95, -578, -1022
-125, -566, -1007
-122, -516, -1019
-83, -414, -995
-48, -253, -971
-96, -64, -949
-19, 169, -940
147, 581, -968
226, 973, -920
226, 973, -920
234, 1163, -916
54, 1074, -1001
17, 930, -991
-55, 735, -979
-164, 513, -966
-245, 328, -942
-279, 206, -939
-279, 206, -939
-301, 140, -940
-269, 107, -943
-235, 98, -959
-183, 91, -972
-178, 82, -985
-,-,-
-107, 158, -981
-132, 140, -978
-127, 138, -980
-127, 138, -980
-141, 124, -981
-162, 86, -980
-164, 47, -977
-139, 10, -969
-129, -15, -956
-93, -61, -964
-37, -139, -1000
-31, -238, -1022
-50, -340, -1040
-63, -463, -1063
-77, -571, -1071
-77, -571, -1071
-90, -655, -1068
-48, -649, -1053
13, -580, -1025
-50, -520, -1015
-6, -432, -1039
72, -281, -1060
159, -17, -1040
270, 269, -1016
86, 375, -1106
158, 695, -1085
300, 1105, -992
296, 1228, -972
133, 1101, -1032
133, 1101, -1032
-45, 874, -991
-,-,-
-191, 42, -974
-157, 27, -943
-181, 29, -980
-185, 40, -967
-175, 78, -967
-175, 78, -967
-195, 62, -969
-208, 31, -965
-215, -7, -974
-220, -57, -986
-205, -89, -992
-159, -117, -990
-128, -185, -1020
-124, -312, -1039
-124, -423, -1057
-108, -510, -1050
-81, -626, -1054
-105, -721, -1065
-132, -759, -1023
-180, -789, -1011
-186, -749, -1078
-50, -520, -1105
122, -178, -1035
265, 121, -977
248, 434, -1035
9, 787, -971
9, 787, -971
207, 1145, -765
238, 1225, -884
170, 1123, -999
50, 908, -1000
-123, 637, -985
-170, 447, -989
-170, 447, -989
-228, 289, -1008
-257, 156, -1004
-321, 87, -973
-,-,-
-105, 31, -982
-143, 66, -985
-155, 47, -988
-157, 18, -994
-157, 18, -994
-166, -34, -982
-139, -99, -975
-109, -176, -972
-98, -250, -984
-101, -324, -1026
-112, -370, -1046
-79, -393, -1045
-66, -378, -1039
-71, -392, -1078
-63, -374, -1073
-59, -334, -1061
-89, -353, -1092
-118, -389, -1176
-160, -363, -1171
-158, -218, -1105
-144, -5, -1009
-51, 228, -955
18, 427, -907
18, 427, -907
19, 590, -864
-67, 646, -792
-116, 634, -771
-120, 638, -846
-68, 741, -945
-46, 776, -998
-46, 776, -998
-100, 679, -1028
-182, 528, -1031
-252, 404, -956
-297, 281, -893
-333, 172, -854
-326, 103, -842
-284, 80, -854
-226, 82, -882
-235, 67, -931
-235, 67, -931
-214, 69, -963
-197, 67, -980
-165, 63, -971
-168, 69, -981
-155, 61, -989
-188, 16, -1004
-203, -25, -998
-203, -25, -998
-,-,-
-158, 121, -960
-170, 113, -941
-182, 101, -971
-191, 80, -977
-198, 67, -983
-179, 52, -994
-155, 51, -1002
-155, 51, -1002
-142, 45, -1006
-134, 25, -1000
-143, 6, -992
-130, -19, -984
-135, -88, -1008
-133, -205, -1055
-132, -329, -1072
-144, -395, -1051
-132, -441, -1034
-125, -551, -1084
-132, -675, -1137
-138, -693, -1106
-96, -634, -993
-61, -536, -939
-13, -399, -893
73, -198, -847
100, -20, -901
100, -20, -901
195, 255, -1003
147, 570, -1015
95, 837, -936
160, 1042, -969
155, 1076, -1024
32, 996, -1047
-82, 864, -994
-119, 694, -933
-119, 694, -933
-183, 515, -939
-207, 379, -961
-225, 265, -958
-265, 173, -914
-244, 125, -891
-204, 84, -944
-147, 94, -997
-91, 109, -990
-131, 109, -999
-131, 72, -999
-,-,-
-152, 95, -968
-184, 67, -996
-184, 67, -988
-198, 59, -978
-198, 59, -978
-216, 52, -966
-214, 47, -971
-195, 43, -981
-179, 23, -993
-181, -21, -990
-167, -81, -975
-167, -81, -975
-158, -132, -975
-131, -206, -995
-116, -301, -1028
-111, -383, -1061
-108, -445, -1059
-74, -510, -1075
-62, -595, -1075
-70, -631, -1084
-90, -606, -1081
-84, -576, -1050
-54, -528, -1002
7, -468, -1000
37, -319, -1016
83, -11, -949
-80, 308, -904
-81, 560, -882
-81, 560, -882
176, 937, -1006
291, 1100, -1102
200, 1042, -1074
-33, 900, -994
-105, 835, -878
-152, 734, -845
-230, 528, -883
-266, 355, -888
-300, 236, -902
-297, 190, -898
-228, 168, -912
-228, 168, -912
-134, 156, -948
-95, 147, -977
-111, 116, -984
-141, 63, -961
-148, 14, -946
-154, -7, -970
-142, 15, -973
-142, 15, -973
-152, 25, -969
-149, 18, -953
-,-,-
-93, -126, -1042
-96, -77, -967
-99, -3, -961
-90, 27, -951
-135, -4, -955
-172, -46, -973
-117, -41, -998
-117, -41, -998
-141, 6, -999
-208, 65, -976
-223, 108, -966
-213, 116, -979
-184, 119, -1011
-156, 91, -1022
-133, 4, -1041
-120, -86, -1037
-73, -196, -1039
-23, -378, -1046
-23, -378, -1046
-48, -644, -1076
-108, -851, -1092
-107, -951, -1070
-71, -986, -1072
-1, -945, -1089
108, -778, -1114
152, -462, -1154
-38, -256, -1122
156, 7, -1114
237, 362, -1137
248, 937, -1038
279, 1408, -824
154, 1445, -736
0, 1203, -853
-94, 850, -970
-94, 850, -970
-185, 593, -979
-201, 464, -893
-231, 296, -897
-244, 210, -974
-238, 188, -1013
-185, 226, -991
-150, 219, -944
-108, 207, -956
-53, 186, -1006
-53, 186, -1006
-175, 96, -997
-,-,-
-223, 0, -1033
-189, 34, -1009
-169, 55, -981
-174, 67, -978
-174, 67, -978
-175, 86, -982
-179, 95, -965
-177, 92, -933
-173, 82, -921
-173, 67, -946
-188, 43, -976
-188, 43, -976
-164, 27, -991
-150, 9, -1012
-153, -47, -1034
-151, -104, -1040
-115, -173, -1034
-86, -297, -1040
-89, -420, -1065
-89, -539, -1090
-67, -660, -1075
-39, -745, -1076
-8, -713, -1073
35, -624, -1033
-66, -613, -1058
-71, -533, -1014
-25, -335, -971
-25, -335, -971
16, -104, -997
56, 155, -1059
98, 516, -1038
183, 894, -982
151, 1089, -1049
84, 1166, -1087
26, 1083, -993
-58, 862, -946
-58, 862, -946
-185, 626, -908
-255, 451, -876
-280, 299, -882
-253, 188, -885
-238, 93, -924
-289, 0, -981
-,-,-
-201, 63, -1003
-204, 73, -971
-218, 62, -967
-221, 51, -953
-221, 51, -953
-185, 63, -967
-169, 57, -963
-196, 55, -958
-219, 43, -972
-197, 46, -982
-187, 42, -996
-172, 18, -998
-172, 18, -998
-176, -23, -1018
-171, -104, -1017
-154, -183, -1009
-143, -292, -1008
-138, -423, -996
-144, -553, -1004
-201, -709, -1052
-188, -843, -1074
-136, -887, -1060
-60, -816, -1004
39, -724, -967
-83, -690, -981
-127, -597, -958
20, -353, -983
223, 67, -966
358, 598, -945
336, 1015, -1008
336, 1015, -1008
160, 1172, -1111
233, 1258, -1150
210, 1219, -1161
93, 972, -1125
-137, 658, -1088
-252, 414, -953
-311, 245, -853
-329, 139, -855
-295, 69, -873
-,-,-
-233, 3, -977
-185, 36, -939
-214, 54, -918
-214, 54, -918
-224, 48, -923
-228, 46, -936
-207, 37, -926
-212, 27, -953
-225, 10, -973
-236, 17, -1000
-218, 12, -1002
-218, 12, -1002
-201, -17, -1001
-199, -101, -1014
-182, -216, -1031
-130, -367, -1019
-123, -546, -1016
-191, -764, -1054
-187, -935, -1059
-113, -986, -1042
-77, -907, -1009
-98, -806, -983
-61, -682, -975
26, -472, -1023
106, -131, -1045
167, 299, -980
-24, 623, -914
0, 897, -888
113, 1105, -1010
148, 1153, -1115
42, 1011, -1137
42, 1011, -1137
-151, 726, -1072
-233, 501, -1027
-265, 325, -975
-274, 148, -949
-292, 16, -924
-269, -28, -910
-229, -17, -913
-,-,-
-125, 94, -994
-189, 57, -995
-189, 57, -995
-194, 51, -964
-192, 39, -955
-190, 28, -966
-180, 31, -982
-182, 41, -988
-178, 57, -981
-178, 57, -981
-178, 69, -971
-165, 63, -971
-174, 35, -984
-168, -24, -990
-161, -129, -1006
-123, -296, -1016
-112, -471, -1042
-156, -667, -1093
-220, -874, -1128
-221, -983, -1119
-141, -927, -1051
-68, -782, -978
-33, -651, -916
-101, -567, -931
16, -377, -929
178, -65, -949
178, -65, -949
312, 279, -960
361, 632, -991
205, 896, -918
109, 994, -887
187, 1052, -991
203, 1013, -1113
135, 877, -1187
135, 877, -1187
3, 655, -1158
-,-,-
-234, 36, -970
-245, 30, -980
-245, 30, -980
-215, 25, -993
-211, -17, -1030
-223, -91, -1038
-234, -146, -1021
-239, -167, -1000
-222, -162, -976
-194, -182, -971
-158, -207, -964
-117, -299, -967
-134, -428, -1000
-180, -623, -1024
-223, -782, -1062
-226, -845, -1072
-175, -811, -1068
-126, -737, -1032
-145, -633, -1027
-96, -423, -1020
22, -218, -1007
10, 26, -936
66, 402, -875
68, 744, -892
68, 744, -892
137, 972, -930
217, 1044, -1034
199, 1028, -1164
127, 945, -1153
15, 730, -1074
-111, 487, -1027
-238, 282, -980
-276, 152, -920
-276, 152, -920
-293, 79, -872
-281, 42, -860
-249, 47, -888
-201, 78, -934
-,-,-
-258, -41, -975
-234, -98, -1003
-244, -180, -1017
-229, -291, -1022
-175, -432, -1039
-184, -573, -1061
-208, -666, -1079
-154, -633, -1050
-73, -551, -995
-75, -517, -981
-75, -517, -981
-92, -490, -1010
-80, -437, -1027
-101, -365, -989
-141, -326, -983
-156, -234, -1030
-71, 19, -1011
-26, 306, -970
-34, 468, -933
-33, 550, -942
-91, 608, -1014
-55, 667, -1039
87, 794, -1072
87, 794, -1072
129, 905, -1071
20, 830, -997
-136, 675, -921
-136, 604, -862
-196, 509, -851
-204, 368, -852
-247, 229, -893
-287, 142, -901
-287, 142, -901
-301, 92, -867
-263, 53, -878
-243, 19, -935
-223, 25, -978
-190, 81, -972
-192, 90, -971
-222, 62, -970
-222, 62, -970
-208, 60, -990
-179, 48, -996
-209, 16, -993
-213, -10, -985
-,-,-
-275, -38, -1001
-249, -1, -1024
-249, -1, -1024
-243, 30, -997
-252, 62, -976
-265, 71, -947
-276, 86, -944
-255, 73, -959
-261, 51, -965
-270, 35, -971
-270, 35, -971
-253, 16, -981
-239, -64, -1004
-231, -199, -1032
-205, -334, -1046
-192, -461, -1028
-195, -599, -1006
-237, -733, -1019
-266, -838, -1023
-214, -867, -1018
-115, -752, -999
-86, -614, -984
-52, -476, -976
-68, -289, -977
-10, -78, -1000
62, 185, -1059
163, 547, -1063
204, 832, -1083
81, 867, -1088
81, 867, -1088
-65, 756, -1066
-91, 737, -1006
-75, 675, -965
-86, 559, -986
-153, 430, -985
-232, 344, -936
-282, 262, -887
-285, 160, -865
-285, 160, -865
-243, 118, -922
-206, 149, -959
-205, 139, -947
-212, 94, -946
-199, 32, -969
-202, -14, -981
-186, -37, -993
-,-,-
-279, -12, -941
-248, -1, -959
-266, 0, -948
-288, -7, -928
-289, -27, -927
-303, -33, -933
-303, -33, -933
-297, -26, -937
-297, -17, -954
-285, -5, -961
-277, -1, -959
-266, -8, -963
-266, -33, -978
-261, -90, -985
-221, -200, -987
-158, -319, -970
-163, -464, -958
-163, -464, -958
-250, -649, -968
-310, -798, -999
-277, -829, -1022
-172, -729, -1045
-49, -672, -1041
17, -688, -1083
-21, -655, -1145
-56, -452, -1154
-106, -198, -1077
1, 176, -945
-15, 664, -815
28, 1040, -722
-10, 1118, -837
-19, 1034, -969
-70, 801, -1062
-70, 801, -1062
-153, 510, -1082
-240, 259, -1056
-295, 127, -1031
-289, 143, -1003
-287, 156, -936
-260, 150, -893
-204, 194, -933
-158, 260, -928
-160, 260, -916
-190, 180, -932
-230, 91, -923
-242, 41, -884
-,-,-
-252, 70, -970
-265, 71, -960
-265, 71, -960
-253, 50, -957
-257, 24, -965
-253, 24, -964
-260, 27, -958
-261, 19, -958
-271, -3, -961
-271, -3, -961
-269, -5, -965
-260, 14, -968
-229, 40, -949
-244, 39, -952
-248, 21, -962
-235, 6, -965
-235, 6, -965
-226, -9, -973
-236, -59, -977
-221, -142, -987
-179, -292, -1014
-162, -463, -1025
-154, -670, -1014
-224, -859, -1037
-258, -967, -1022
-183, -977, -1006
-57, -852, -1001
19, -615, -972
9, -376, -997
2, -227, -1042
20, -31, -1043
20, -31, -1043
73, 280, -973
82, 542, -924
-136, 540, -972
-134, 588, -982
-50, 706, -1047
-29, 803, -1110
-117, 723, -1154
-145, 657, -1105
-145, 657, -1105
-142, 585, -1075
-186, 478, -1000
-250, 363, -895
-279, 278, -848
-267, 235, -860
-245, 207, -890
-225, 137, -919
-226, 9, -960
-,-,-
-250, 58, -945
-248, 71, -947
-248, 71, -947
-246, 65, -948
-264, 53, -965
-263, 39, -971
-265, 25, -959
-275, 8, -940
-267, 17, -936
-267, 17, -936
-268, 31, -935
-248, 45, -936
-229, 62, -950
-223, 67, -963
-220, 63, -963
-211, 42, -956
-211, 42, -956
-216, 11, -961
-226, -22, -954
-230, -53, -953
-228, -111, -969
-221, -255, -1004
-224, -458, -1039
-214, -656, -1047
-212, -838, -1062
-259, -1017, -1071
-223, -1026, -1034
-186, -916, -1033
-108, -767, -1011
-19, -487, -1025
120, -99, -1022
199, 242, -943
43, 389, -930
-223, 511, -923
0, 828, -871
0, 828, -871
140, 997, -987
35, 901, -1048
-123, 750, -1081
-145, 697, -1033
-142, 556, -976
-195, 402, -955
-255, 299, -940
-288, 242, -905
-288, 242, -905
-276, 189, -881
-266, 109, -917
-197, 60, -931
-169, 7, -978
-205, -66, -1046
-187, -100, -1048
-164, -99, -1037
-138, -35, -1006
-140, 18, -980
-174, 20, -979
-,-,-
-230, 6, -968
-254, -2, -959
-271, -9, -948
-268, -42, -944
-279, -66, -956
-288, -64, -969
-283, -59, -970
-283, -59, -970
-255, -52, -967
-247, -42, -968
-243, -37, -964
-240, -30, -952
-215, -26, -947
-181, -69, -954
-200, -224, -978
-254, -492, -1021
-293, -843, -1070
-312, -1089, -1103
-246, -1142, -1097
-140, -1077, -1047
-21, -869, -1028
103, -583, -998
128, -384, -1013
-100, -287, -1100
-69, -77, -994
44, 201, -946
48, 397, -893
48, 397, -893
38, 597, -836
-24, 788, -888
-196, 921, -983
-86, 1027, -968
21, 1020, -1015
-45, 898, -1038
-45, 898, -1038
-160, 713, -966
-243, 457, -923
-337, 236, -918
-319, 125, -899
-277, 75, -904
-276, 38, -907
-,-,-
-290, -34, -951
-272, -32, -949
-291, -41, -923
-313, -62, -922
-320, -62, -934
-320, -72, -934
-318, -76, -931
-281, -78, -931
-289, -86, -957
-285, -96, -977
-271, -93, -991
-269, -107, -989
-259, -156, -974
-253, -195, -979
-244, -258, -976
-243, -351, -962
-230, -497, -932
-236, -603, -921
-251, -696, -932
-267, -824, -973
-303, -1025, -1031
-321, -1144, -1126
-223, -1005, -1126
-46, -723, -1033
-15, -457, -994
-89, -76, -931
-62, 434, -795
-62, 434, -795
-28, 834, -755
92, 1106, -921
163, 1303, -1076
65, 1191, -1121
-160, 828, -1051
-264, 512, -956
-309, 281, -911
-348, 123, -886
-309, 26, -870
-309, 26, -870
-337, -14, -926
-303, -4, -935
-293, -9, -948
-301, -27, -965
-258, -36, -961
-,-,-
-261, -30, -949
-289, -29, -962
-321, -9, -987
-332, -9, -972
-300, -12, -963
-292, -13, -981
-295, -10, -976
-295, -10, -976
-299, -13, -969
-288, -17, -958
-265, -16, -944
-278, -13, -963
-274, 7, -972
-287, 8, -964
-279, -11, -943
-270, -56, -934
-270, -56, -934
-282, -113, -940
-263, -214, -969
-239, -379, -994
-236, -504, -1002
-251, -594, -978
-254, -739, -978
-222, -925, -1024
-191, -963, -1049
-118, -843, -993
-140, -796, -943
-143, -703, -841
-68, -358, -880
35, 149, -916
12, 516, -906
-88, 719, -953
12, 910, -1054
12, 910, -1054
68, 967, -1158
26, 859, -1177
-124, 659, -1110
-251, 478, -1052
-260, 403, -990
-265, 330, -983
-250, 266, -985
-272, 220, -953
-295, 186, -916
-282, 160, -896
-282, 160, -896
-,-,-
-328, 26, -967
-258, 42, -1003
-220, 56, -992
-268, 32, -985
-298, 10, -962
-298, 10, -962
-321, -3, -943
-299, -10, -932
-267, -15, -926
-282, -28, -931
-289, -17, -944
-286, 2, -953
-276, 17, -959
-276, 17, -959
-264, 14, -952
-257, -5, -952
-262, -48, -955
-282, -101, -963
-267, -177, -969
-236, -273, -990
-235, -439, -1008
-244, -641, -1035
-233, -862, -1053
-241, -1059, -1059
-213, -1110, -1062
-130, -978, -1054
-19, -745, -1068
60, -511, -1103
24, -268, -1081
-142, 95, -976
-88, 536, -777
44, 895, -753
44, 895, -753
59, 1062, -890
14, 1101, -956
-132, 972, -960
-305, 716, -983
-320, 558, -961
-241, 502, -952
-222, 442, -974
-,-,-
-279, 4, -958
-290, 12, -984
-290, 12, -984
-287, 9, -970
-273, 15, -952
-282, 1, -958
-303, -27, -965
-304, -40, -950
-299, -58, -945
-299, -58, -945
-295, -80, -946
-292, -127, -964
-307, -174, -990
-302, -193, -966
-279, -191, -929
-236, -184, -894
-235, -232, -902
-231, -361, -932
-221, -523, -958
-231, -713, -1005
-252, -943, -1047
-257, -1045, -1058
-183, -960, -1030
-87, -753, -996
-60, -554, -969
-192, -396, -963
-130, -161, -902
-40, 223, -850
69, 598, -798
100, 853, -847
100, 853, -847
-28, 970, -950
-73, 992, -970
-28, 994, -978
-56, 917, -1003
-92, 779, -1028
-184, 575, -1065
-263, 377, -1030
-304, 204, -972
-274, 80, -960
-274, 80, -960
-272, 27, -940
-271, 32, -937
-228, 70, -961
-197, 45, -988
-230, -23, -1012
-196, -28, -1007
-,-,-
-246, 40, -966
-276, 18, -956
-297, -3, -982
-267, -19, -975
-238, -15, -964
-274, -7, -960
-274, -7, -960
-303, -14, -945
-305, -49, -927
-274, -94, -943
-279, -137, -967
-281, -157, -957
-257, -143, -944
-225, -126, -944
-219, -129, -966
-204, -144, -989
-203, -206, -983
-210, -346, -978
-228, -529, -1014
-237, -725, -1053
-230, -823, -1075
-178, -808, -1052
-124, -802, -1019
-135, -851, -1019
-99, -816, -940
-203, -667, -960
-179, -382, -896
52, 236, -842
178, 891, -853
178, 891, -853
175, 1298, -885
-70, 1295, -982
-142, 1170, -1001
5, 1015, -1042
-63, 746, -1077
-239, 400, -1060
-307, 143, -1019
-366, 3, -957
-389, -27, -906
-339, 24, -892
-339, 24, -892
-,-,-
-236, -166, -952
-222, -170, -958
-295, -143, -954
-318, -122, -938
-291, -105, -937
-270, -105, -960
-280, -104, -992
-307, -97, -995
-312, -78, -968
-308, -70, -948
-308, -70, -948
-304, -67, -941
-295, -60, -949
-288, -54, -959
-284, -53, -949
-294, -62, -942
-285, -56, -942
-288, -61, -951
-291, -81, -938
-300, -120, -943
-290, -151, -935
-284, -173, -934
-289, -215, -948
-287, -275, -948
-287, -275, -948
-276, -308, -958
-256, -320, -965
-240, -359, -962
-215, -413, -930
-190, -457, -909
-162, -500, -890
-133, -543, -882
-147, -667, -933
-194, -784, -991
-198, -763, -974
-159, -668, -941
-175, -613, -963
-143, -432, -1007
-80, -167, -1046
-132, 61, -985
-115, 395, -894
62, 717, -1000
118, 865, -1179
15, 845, -1173
15, 845, -1173
-172, 666, -1037
-169, 556, -969
-143, 447, -1037
-220, 316, -1053
-305, 190, -962
-322, 117, -899
-302, 59, -879
-274, 44, -879
-231, 55, -882
-,-,-
50, 176, -986
56, 177, -955
64, 180, -986
51, 178, -974
34, 160, -984
34, 160, -984
25, 144, -993
39, 145, -990
50, 152, -987
40, 131, -983
40, 131, -983
41, 111, -984
41, 109, -979
52, 121, -968
74, 110, -963
74, 110, -963
76, 47, -968
55, -52, -1002
94, -143, -1035
117, -273, -1089
108, -395, -1125
96, -483, -1123
94, -578, -1123
71, -657, -1114
71, -657, -1114
98, -642, -1054
193, -516, -968
299, -351, -980
363, -164, -965
270, -19, -998
236, 112, -1066
338, 270, -1135
445, 532, -1070
510, 761, -909
510, 761, -909
442, 794, -817
228, 731, -860
227, 779, -818
299, 878, -760
278, 857, -729
216, 708, -791
161, 548, -883
161, 548, -883
92, 423, -896
131, 357, -919
156, 308, -932
142, 240, -939
106, 146, -982
106, 146, -982
92, 103, -997
150, 134, -989
185, 172, -973
182, 167, -952
145, 139, -950
116, 106, -958
116, 106, -958
140, 114, -956
165, 109, -955
147, 86, -997
-,-,-
-26, 107, -966
-30, 87, -984
-22, 92, -999
-22, 92, -999
-22, 93, -995
-21, 90, -989
-17, 83, -977
-9, 76, -975
-9, 76, -975
-14, 68, -988
-2, 59, -994
30, 49, -1016
30, 49, -1016
50, 27, -1036
61, -14, -1060
80, -61, -1049
104, -126, -1014
166, -209, -982
179, -334, -992
93, -544, -1056
93, -544, -1056
11, -712, -1091
59, -785, -1037
126, -770, -961
165, -691, -994
205, -588, -1022
167, -420, -1095
175, -156, -1165
298, 82, -1063
257, 287, -1104
219, 473, -1086
194, 631, -983
194, 631, -983
147, 737, -933
203, 876, -973
236, 986, -953
117, 906, -930
-3, 687, -936
-79, 479, -934
-79, 479, -934
-111, 368, -955
-125, 329, -936
-134, 269, -919
-142, 186, -951
-112, 157, -972
-121, 149, -962
-130, 154, -931
-121, 152, -917
-84, 140, -932
-84, 140, -932
-88, 121, -979
-88, 119, -1002
-109, 100, -1003
-95, 99, -978
-66, 108, -970
-59, 119, -997
-71, 100, -1014
-,-,-
-197, 26, -979
-212, 3, -974
-212, 3, -974
-213, -1, -963
-217, 2, -967
-218, 1, -970
-227, -20, -979
-232, -34, -986
-214, -21, -985
-214, -21, -985
-200, 5, -1005
-193, 21, -982
-204, 10, -970
-179, 1, -970
-164, -23, -985
-170, -63, -986
-167, -108, -968
-135, -159, -969
-91, -226, -957
-91, -226, -957
-46, -337, -950
-29, -475, -998
-15, -605, -1045
1, -754, -987
-53, -876, -1066
4, -848, -1083
109, -690, -1100
144, -532, -1125
185, -290, -1100
88, -35, -1083
22, 185, -981
22, 185, -981
45, 420, -954
63, 750, -1033
-13, 1029, -1018
-113, 1052, -1004
-217, 919, -1002
-351, 746, -949
-371, 602, -889
-314, 488, -865
-316, 402, -903
-316, 402, -903
-309, 340, -917
-274, 243, -916
-,-,-
-151, 44, -982
-155, 32, -967
-160, 37, -972
-166, 40, -979
-160, 42, -999
-165, 30, -1030
-159, 18, -1024
-149, 31, -1002
-149, 31, -1002
-160, 35, -983
-160, 38, -978
-146, 42, -978
-145, 41, -984
-155, 33, -983
-136, 46, -972
-136, 46, -972
-139, 44, -981
-159, 27, -983
-155, 20, -977
-146, 10, -980
-152, -25, -996
-136, -58, -1004
-99, -95, -1012
-81, -160, -1011
-89, -235, -985
-89, -235, -985
-68, -310, -974
-51, -407, -955
-54, -482, -951
-81, -586, -981
-113, -662, -1021
-94, -671, -1009
-25, -653, -971
37, -545, -1011
70, -405, -1039
5, -346, -1026
74, -230, -1083
141, 51, -1098
141, 51, -1098
148, 411, -981
88, 643, -952
54, 791, -1006
62, 871, -1031
82, 826, -1004
82, 826, -1004
40, 720, -1061
-6, 629, -1098
-149, 485, -1065
-,-,-
-164, 50, -981
-168, 27, -986
-182, -17, -996
-184, -85, -993
-169, -122, -998
-130, -156, -996
-130, -156, -996
-136, -168, -981
-130, -206, -952
-117, -292, -954
-132, -418, -980
-122, -466, -998
-80, -446, -987
-54, -421, -966
-35, -423, -986
1, -461, -1038
28, -467, -1062
8, -418, -1025
-6, -327, -999
31, -327, -993
31, -240, -993
42, -115, -1022
65, 61, -1037
72, 200, -1023
-18, 292, -1058
-142, 485, -1072
-17, 710, -1029
45, 803, -1064
45, 803, -1064
28, 762, -1107
-45, 691, -1080
-126, 664, -997
-174, 533, -925
-204, 366, -912
-202, 247, -913
-206, 171, -908
-209, 102, -890
-197, 58, -918
-197, 58, -918
-164, 49, -952
-126, 47, -976
-84, 50, -985
-94, 39, -980
-98, 25, -969
-98, 25, -969
-96, 15, -960
-101, 0, -953
-105, -23, -973
-129, -55, -990
-100, -47, -988
-96, -36, -1054
-96, -36, -1054
-99, -28, -1057
-115, -15, -1034
-86, 8, -1032
-94, 22, -1019
-112, 10, -1020
-,-,-
-189, 44, -1000
-208, 40, -986
-206, 45, -993
-211, 51, -989
-206, 53, -983
-210, 52, -982
-210, 52, -982
-212, 35, -982
-209, 31, -986
-207, 32, -966
-196, 34, -952
-180, 29, -960
-177, 31, -966
-167, 37, -967
-167, 37, -967
-156, 23, -966
-157, -11, -975
-172, -42, -963
-179, -69, -957
-174, -134, -976
-161, -247, -1015
-142, -338, -1020
-130, -428, -1026
-136, -529, -1002
-99, -600, -969
-42, -660, -960
32, -640, -971
69, -581, -1007
69, -581, -1007
78, -600, -1065
-60, -600, -1155
30, -376, -1077
132, -111, -1065
159, 89, -1086
150, 333, -1068
-47, 532, -971
-151, 663, -856
-37, 797, -903
35, 923, -1019
35, 923, -1019
18, 884, -1038
-96, 678, -1031
-202, 505, -1021
-231, 444, -1012
-209, 378, -978
-144, 289, -962
-153, 208, -997
-205, 143, -995
-202, 112, -951
-173, 60, -930
-173, 60, -930
-123, 10, -964
-74, 1, -1022
-,-,-
-143, 30, -992
-154, 28, -970
-188, 19, -967
-203, 6, -943
-210, -9, -938
-210, -9, -938
-187, -11, -958
-180, -4, -971
-184, -4, -991
-192, -2, -998
-182, 3, -993
-167, 4, -987
-167, 4, -987
-167, -9, -984
-174, -58, -998
-187, -100, -1028
-166, -120, -1017
-124, -165, -1007
-104, -242, -997
-104, -330, -989
-77, -416, -957
-67, -519, -934
-78, -622, -938
-75, -682, -967
-49, -700, -957
-68, -694, -999
-68, -694, -999
4, -615, -1005
97, -424, -1021
180, -243, -1022
-18, -197, -1112
-13, -122, -1064
78, 15, -1002
84, 131, -1027
138, 328, -1084
56, 547, -1143
56, 547, -1143
-2, 621, -1053
57, 667, -1050
53, 741, -1076
-14, 791, -944
-157, 634, -848
-242, 492, -849
-209, 475, -898
-209, 475, -898
-121, 465, -888
-76, 381, -958
-117, 240, -1052
-169, 113, -1038
-,-,-
-144, -152, -1112
-95, -65, -1112
-88, 4, -1092
-119, 19, -1043
-185, -10, -1014
-224, -36, -1004
-222, -46, -1000
-230, -45, -991
-256, -59, -979
-254, -53, -989
-231, -29, -985
-211, -1, -971
-213, 15, -990
-213, 15, -990
-204, 36, -975
-200, 32, -948
-191, 32, -968
-179, 35, -976
-181, 17, -973
-179, -1, -959
-179, -1, -959
-186, 3, -974
-201, -3, -972
-206, 0, -972
-180, 6, -996
-187, 9, -1004
-187, 9, -1004
-200, -1, -977
-213, -18, -967
-209, -62, -990
-201, -130, -1038
-178, -201, -1068
-141, -268, -1044
-123, -358, -996
-148, -502, -981
-159, -599, -977
-117, -581, -948
-57, -521, -932
-59, -516, -951
-38, -502, -965
7, -438, -990
7, -438, -990
71, -337, -1064
21, -255, -1128
24, -111, -1073
21, 65, -1033
62, 245, -972
-27, 338, -1032
-27, 338, -1032
-44, 557, -1069
-5, 810, -975
-42, 776, -950
-141, 649, -989
-121, 634, -1034
-110, 636, -980
-159, 561, -918
-205, 429, -950
-173, 360, -988
-173, 360, -988
-176, 274, -998
-232, 175, -960
-242, 94, -933
-196, 59, -917
-155, 61, -936
-138, 57, -957
-134, 36, -963
-160, 23, -1009
-160, 23, -1009
-,-,-
-271, -10, -996
-278, -16, -1003
-269, -15, -979
-273, -6, -971
-273, 7, -971
-273, 7, -971
-279, 0, -972
-253, -7, -975
-236, 1, -972
-254, 3, -965
-259, -6, -959
-259, -6, -959
-263, -17, -962
-244, -13, -960
-248, -8, -968
-247, -9, -962
-259, -16, -958
-251, -9, -931
-233, -9, -930
-233, -9, -930
-240, -59, -950
-249, -117, -976
-241, -184, -981
-205, -312, -973
-198, -488, -968
-275, -667, -984
-346, -772, -961
-326, -747, -933
-232, -590, -923
-119, -410, -956
-16, -237, -1015
-43, -119, -1082
-74, 48, -1033
-67, 244, -985
-41, 392, -997
-41, 392, -997
-66, 500, -1028
-102, 588, -1024
-125, 560, -980
-204, 439, -953
-247, 315, -937
-260, 221, -956
-265, 106, -982
-252, 26, -985
-261, -9, -994
-261, -9, -994
-234, 2, -980
-213, 12, -1006
-198, -12, -1043
-215, -16, -1034
-224, 0, -967
-,-,-
-241, 3, -976
-227, -30, -983
-247, -68, -997
-259, -103, -990
-242, -121, -990
-206, -144, -993
-213, -191, -1007
-210, -238, -1014
-190, -260, -996
-174, -285, -960
-144, -313, -946
-121, -327, -943
-133, -323, -956
-130, -346, -984
-130, -433, -1078
-128, -504, -1120
-86, -413, -1070
-41, -273, -1040
-86, -179, -1071
-86, -179, -1071
-105, -110, -1074
-38, -3, -1049
-3, 66, -983
-36, 114, -918
-209, 151, -953
-143, 281, -951
-14, 454, -985
-16, 603, -964
-16, 603, -964
-55, 715, -911
-140, 781, -907
-217, 795, -872
-211, 779, -875
-181, 690, -928
-178, 586, -975
-202, 444, -996
-261, 281, -978
-288, 137, -939
-281, 37, -925
-281, 37, -925
-238, -2, -959
-214, 1, -986
-186, 18, -969
-224, 3, -995
-228, -11, -1002
-173, -2, -989
-173, -2, -989
-95, 15, -992
-132, 13, -1004
-,-,-
-245, 5, -993
-245, 5, -993
-236, 17, -966
-252, 16, -947
-260, 5, -941
-263, -3, -939
-260, -20, -951
-260, -20, -951
-260, -46, -968
-269, -51, -993
-264, -44, -1003
-239, -34, -979
-253, -38, -966
-250, -47, -962
-242, -51, -972
-252, -79, -977
-249, -130, -971
-245, -241, -978
-228, -354, -958
-215, -450, -961
-202, -563, -954
-210, -691, -957
-205, -734, -937
-145, -734, -907
-145, -684, -907
-82, -655, -894
-72, -574, -960
-37, -451, -1017
13, -312, -1048
26, -210, -1055
-79, -42, -1063
-147, 149, -1013
-93, 397, -918
6, 694, -951
33, 856, -1083
33, 856, -1083
-41, 822, -1159
-155, 724, -1107
-165, 646, -1006
-181, 541, -987
-176, 424, -1009
-211, 308, -1003
-273, 203, -958
-278, 138, -922
-277, 76, -918
-249, 77, -914
-249, 77, -914
-197, 120, -903
-163, 139, -900
-167, 97, -936
-197, 49, -965
-184, 30, -968
-,-,-
-250, 54, -982
-244, 50, -983
-244, 50, -983
-266, 62, -981
-280, 52, -956
-287, 23, -941
-292, -15, -945
-283, -26, -951
-291, -23, -965
-267, -5, -968
-267, -5, -968
-254, 10, -968
-252, 1, -952
-284, -31, -947
-275, -28, -944
-253, -19, -948
-254, -20, -948
-268, -41, -950
-252, -52, -944
-252, -52, -944
-229, -49, -954
-234, -42, -948
-234, -46, -933
-232, -96, -946
-237, -148, -973
-224, -161, -974
-179, -186, -965
-149, -245, -971
-131, -295, -990
-111, -372, -1002
-104, -432, -1010
-134, -485, -1031
-123, -497, -1028
-83, -443, -1019
-38, -346, -1018
24, -228, -1010
-15, -113, -1058
-171, -35, -1064
-38, 90, -1040
27, 260, -1086
27, 260, -1086
29, 447, -1040
19, 628, -987
-13, 692, -1010
-258, 573, -1046
-300, 570, -954
-176, 637, -875
-131, 631, -895
-163, 556, -941
-163, 556, -941
-,-,-
-244, 70, -1009
-259, 64, -1009
-251, 66, -1008
-255, 54, -1001
-255, 54, -1001
-267, 14, -1001
-266, -62, -1012
-226, -184, -1007
-198, -267, -1013
-210, -303, -997
-226, -317, -946
-204, -304, -926
-144, -271, -927
-110, -253, -936
-98, -272, -951
-112, -294, -955
-130, -337, -966
-155, -387, -974
-145, -416, -993
-132, -448, -1056
-181, -449, -1092
-183, -384, -977
-129, -222, -947
-47, -84, -1024
54, 145, -1049
-31, 277, -1080
-218, 358, -1023
-55, 645, -916
-55, 645, -916
82, 855, -999
67, 867, -1115
-27, 766, -1081
-215, 587, -992
-252, 488, -918
-233, 409, -936
-211, 331, -921
-211, 331, -921
-261, 238, -913
-289, 171, -900
-278, 126, -915
-231, 113, -922
-194, 117, -925
-193, 90, -930
-172, 64, -946
-175, 55, -970
-178, 54, -948
-178, 54, -948
-170, 5, -959
-191, -30, -975
-,-,-
-137, -165, -993
-150, -120, -961
-215, -84, -999
-247, -58, -1021
-259, -26, -1005
-245, -8, -983
-255, 12, -987
-255, 12, -987
-258, 35, -1002
-249, 47, -1010
-236, 63, -1002
-217, 61, -993
-212, 32, -987
-212, -14, -974
-216, -90, -989
-200, -200, -1018
-157, -335, -1034
-162, -464, -1022
-174, -573, -994
-157, -660, -972
-106, -685, -958
-106, -685, -958
-32, -629, -969
38, -551, -987
38, -495, -1009
-25, -448, -1021
10, -320, -995
64, -163, -1030
105, 28, -1072
111, 195, -1063
28, 313, -1059
28, 313, -1059
-187, 326, -1058
-157, 385, -954
-71, 517, -977
-2, 698, -1033
3, 777, -1042
-84, 682, -1013
-145, 593, -968
-173, 510, -917
-173, 510, -917
-185, 412, -904
-170, 307, -954
-158, 233, -988
-178, 180, -985
-167, 126, -964
-159, 72, -984
-139, 49, -1008
-139, 47, -996
-150, 30, -965
-150, 30, -965
-138, 12, -957
-134, -4, -981
-115, 0, -998
-132, 5, -988
-134, 16, -968
-134, 16, -968
-100, 33, -963
-94, 30, -961
-112, -16, -1001
-134, -64, -1045
-,-,-
-210, -77, -1017
-171, -49, -1019
-193, -4, -1023
-190, 19, -1028
-191, 34, -1026
-191, 34, -1026
-186, 36, -1005
-192, 13, -980
-217, -9, -959
-221, 2, -958
-207, 22, -955
-177, 43, -964
-183, 42, -979
-183, 42, -979
-195, 26, -986
-194, 37, -978
-193, 44, -983
-189, 36, -981
-189, 44, -969
-169, 44, -971
-169, 44, -971
-191, 20, -970
-196, 20, -962
-167, 14, -975
-176, -50, -986
-174, -139, -1015
-144, -213, -1030
-123, -300, -1009
-125, -397, -983
-112, -486, -964
-85, -550, -947
-72, -599, -932
-22, -607, -938
-22, -607, -938
43, -599, -961
53, -582, -1030
23, -524, -1054
52, -388, -980
27, -230, -962
47, -98, -915
95, 104, -988
95, 104, -988
83, 383, -891
-72, 598, -866
-36, 737, -970
181, 868, -1209
166, 898, -1321
52, 866, -1191
52, 866, -1191
-76, 745, -1019
-144, 589, -981
-137, 479, -1004
-155, 398, -974
-155, 292, -943
-139, 197, -930
-120, 128, -946
-115, 82, -966
-67, 67, -978
-67, 67, -978
-38, 48, -999
-48, 33, -996
-55, 59, -962
-86, 45, -963
-86, 45, -963
-45, 54, -960
-49, 33, -997
-78, 16, -988
-111, -19, -988
-106, -35, -984
-106, -35, -984
-63, -28, -1002
-74, -44, -1056
-,-,-
-178, 10, -971
-179, -3, -993
-191, -12, -989
-206, -19, -972
-210, -18, -967
-205, -26, -978
-205, -35, -990
-205, -35, -990
-219, -46, -991
-211, -36, -986
-192, -24, -973
-196, -20, -975
-203, -21, -972
-203, -20, -966
-187, -24, -971
-199, -40, -972
-209, -63, -978
-197, -64, -994
-180, -57, -997
-180, -57, -997
-194, -70, -988
-188, -74, -973
-183, -73, -966
-194, -63, -953
-192, -57, -943
-177, -84, -948
-158, -140, -953
-123, -281, -999
-152, -558, -1052
-171, -799, -1052
-130, -968, -1029
-72, -1083, -1006
-10, -1137, -1003
85, -1054, -944
213, -760, -939
200, -435, -1069
181, -140, -1106
259, 193, -1041
233, 485, -1015
233, 485, -1015
124, 760, -961
42, 943, -950
-114, 932, -991
-86, 878, -1006
-59, 850, -1051
-81, 775, -1039
-143, 618, -1023
-215, 445, -998
-259, 328, -964
-259, 328, -964
-242, 250, -945
-177, 186, -972
-144, 142, -977
-156, 113, -960
-173, 83, -953
-147, 53, -961
-101, 5, -996
-108, 1, -996
-108, 1, -996
-109, 19, -957
-158, 5, -956
-185, -27, -976
-173, -43, -993
-150, -29, -975
-119, -11, -951
-,-,-
-207, -16, -991
-211, -26, -997
-221, -26, -970
-229, -42, -949
-240, -70, -955
-240, -74, -966
-235, -62, -971
-235, -62, -971
-223, -50, -968
-227, -41, -972
-232, -52, -963
-232, -54, -949
-237, -49, -952
-236, -48, -959
-221, -45, -962
-219, -46, -982
-217, -44, -980
-213, -36, -969
-213, -36, -969
-219, -63, -970
-253, -109, -971
-250, -125, -974
-211, -107, -969
-208, -106, -972
-207, -130, -974
-186, -192, -981
-193, -269, -1010
-165, -319, -999
-97, -380, -963
-67, -425, -917
-71, -489, -908
-75, -628, -933
-75, -785, -990
-67, -786, -1046
-13, -674, -1047
48, -570, -1026
48, -570, -1026
88, -443, -1044
121, -252, -1098
-4, -63, -1157
-75, 70, -1044
-23, 244, -904
-5, 471, -884
72, 726, -932
72, 726, -932
107, 864, -1057
-46, 807, -1113
-93, 753, -1042
-94, 690, -1000
-132, 540, -969
-199, 366, -961
-249, 262, -947
-248, 197, -923
-255, 155, -936
-255, 155, -936
-208, 154, -921
-135, 189, -912
-137, 186, -941
-141, 172, -966
-138, 149, -981
-129, 114, -959
-102, 66, -946
-,-,-
-230, -9, -957
-235, -21, -972
-235, -26, -962
-240, -32, -954
-244, -41, -963
-234, -36, -976
-230, -15, -976
-232, -9, -969
-232, -9, -969
-236, -25, -973
-222, -36, -970
-212, -32, -965
-223, -38, -953
-220, -39, -951
-219, -30, -956
-223, -25, -950
-228, -41, -953
-232, -80, -960
-233, -111, -962
-233, -111, -962
-210, -170, -988
-161, -273, -1008
-140, -389, -1022
-110, -520, -1008
-90, -658, -990
-136, -822, -1011
-140, -946, -1022
-46, -867, -964
72, -604, -928
177, -367, -913
225, -225, -990
135, -65, -1067
4, 101, -1026
65, 312, -951
79, 491, -961
79, 491, -961
67, 667, -1019
9, 793, -1055
-84, 749, -1060
-123, 646, -1043
-136, 583, -1042
-124, 528, -1023
-150, 454, -1015
-169, 354, -1010
-176, 272, -1009
-163, 222, -978
-163, 222, -978
-143, 171, -948
-139, 136, -940
-113, 148, -937
-93, 144, -955
-81, 121, -960
-93, 65, -970
-77, 30, -990
-77, 30, -990
-82, 8, -989
-85, -11, -976
-81, -20, -970
-60, -12, -971
-44, -13, -998
-44, -13, -998
-44, -7, -1016
-70, -23, -1012
-87, -40, -992
-82, -34, -974
-,-,-
-194, -47, -965
-190, -36, -960
-212, -41, -977
-227, -54, -982
-216, -48, -981
-194, -42, -964
-206, -42, -977
-218, -43, -975
-223, -52, -966
-231, -62, -957
-231, -62, -957
-222, -65, -959
-214, -63, -965
-212, -54, -973
-215, -55, -966
-217, -61, -952
-220, -71, -958
-216, -71, -967
-201, -67, -970
-205, -61, -954
-208, -70, -943
-225, -93, -958
-225, -93, -958
-224, -105, -973
-203, -99, -974
-202, -100, -968
-197, -109, -958
-196, -143, -958
-188, -210, -962
-164, -258, -969
-116, -301, -971
-85, -380, -971
-85, -490, -949
-70, -561, -910
-62, -615, -905
-65, -654, -917
-31, -592, -933
-31, -592, -933
5, -515, -979
17, -447, -991
6, -419, -962
-28, -360, -916
-37, -279, -943
-87, -213, -1043
13, 74, -1163
13, 74, -1163
15, 346, -1173
-11, 502, -1075
-106, 536, -1140
-123, 606, -1185
-145, 621, -1117
-182, 534, -1036
-204, 459, -964
-252, 358, -974
-279, 241, -991
-279, 141, -970
-228, 88, -929
-228, 88, -929
-178, 51, -925
-189, 6, -942
-195, -27, -969
-163, -46, -992
-133, -90, -989
-155, -119, -990
-119, -89, -959
-126, -78, -996
-126, -78, -996
-133, -85, -1031
-,-,-
145, 148, -959
149, 137, -976
149, 137, -976
121, 132, -980
105, 130, -974
98, 130, -971
87, 115, -975
108, 123, -976
108, 123, -976
105, 124, -971
100, 126, -970
113, 129, -979
128, 129, -991
124, 114, -988
130, 98, -990
130, 98, -990
128, 75, -998
135, 56, -1007
135, 30, -992
157, -33, -983
162, -110, -999
162, -110, -999
165, -171, -1006
195, -230, -1001
278, -279, -972
291, -351, -976
268, -439, -982
244, -524, -1007
202, -645, -1048
179, -664, -1063
282, -499, -992
383, -281, -941
469, -34, -936
487, 217, -945
487, 217, -945
361, 393, -959
211, 531, -938
286, 706, -889
381, 873, -923
384, 924, -953
339, 922, -976
235, 869, -940
235, 869, -940
176, 773, -915
163, 616, -957
145, 484, -970
125, 395, -950
85, 288, -927
85, 288, -927
69, 198, -898
128, 140, -894
150, 93, -940
151, 74, -945
159, 68, -955
159, 68, -955
152, 56, -957
195, 74, -959
213, 96, -977
204, 107, -981
204, 107, -981
167, 95, -978
159, 90, -971
155, 84, -983
173, 94, -987
174, 94, -975
174, 107, -975
165, 100, -986
-,-,-
-184, 23, -943
-194, 31, -966
-200, 22, -982
-205, 15, -992
-218, 2, -991
-218, 2, -991
-214, -10, -974
-227, 0, -977
-244, 1, -967
-253, -1, -958
-221, 15, -974
-221, 15, -974
-201, 16, -969
-214, 9, -968
-227, -10, -980
-224, -16, -971
-215, -20, -963
-208, -37, -971
-194, -56, -990
-194, -56, -990
-187, -79, -993
-164, -105, -1001
-139, -171, -1012
-109, -237, -1014
-83, -269, -1012
-32, -264, -1006
36, -320, -959
66, -391, -921
57, -431, -927
32, -475, -934
9, -498, -958
5, -496, -1009
5, -496, -1009
6, -422, -1017
21, -278, -998
31, -112, -985
-129, 18, -998
-216, 163, -907
-201, 278, -912
-301, 340, -962
-301, 340, -962
-361, 380, -1002
-409, 437, -1050
-358, 508, -1098
-373, 504, -1115
-402, 458, -1078
-458, 404, -993
-459, 364, -895
-402, 344, -891
-330, 333, -924
-333, 277, -952
-374, 192, -969
-356, 132, -935
-341, 93, -893
-341, 93, -893
-322, 60, -889
-300, 44, -908
-294, 4, -933
-299, -24, -964
-363, -48, -973
-342, -28, -952
-290, -1, -958
-,-,-
-475, 31, -886
-450, 38, -865
-428, 59, -873
-427, 71, -875
-427, 71, -875
-423, 68, -892
-417, 66, -907
-404, 66, -902
-408, 60, -899
-414, 64, -913
-414, 62, -936
-414, 62, -936
-390, 75, -938
-381, 81, -930
-387, 76, -923
-406, 58, -913
-412, 46, -888
-407, 51, -891
-400, 47, -910
-400, 47, -910
-407, 18, -921
-400, -16, -929
-405, -75, -930
-368, -152, -932
-318, -226, -950
-314, -277, -965
-356, -405, -971
-422, -614, -1015
-390, -696, -1023
-311, -640, -1000
-219, -518, -966
-184, -473, -940
-303, -531, -948
-277, -427, -936
-196, -199, -937
-133, 50, -969
-135, 289, -1032
-135, 289, -1032
-294, 402, -989
-285, 552, -908
-245, 692, -927
-278, 689, -1029
-329, 690, -1065
-385, 712, -975
-383, 710, -850
-382, 666, -846
-391, 614, -818
-422, 537, -765
-501, 403, -784
-543, 289, -790
-501, 249, -802
-501, 249, -802
-409, 243, -837
-381, 202, -887
-392, 109, -918
-447, 37, -911
-438, 9, -901
-405, 29, -900
-,-,-
-310, 58, -917
-341, 47, -937
-358, 44, -937
-332, 62, -940
-332, 62, -940
-340, 59, -929
-352, 56, -919
-349, 53, -930
-351, 48, -945
-371, 31, -935
-361, 26, -914
-361, 26, -914
-346, 30, -915
-358, 27, -931
-357, 26, -946
-342, 25, -936
-348, 3, -934
-343, -21, -945
-343, -21, -945
-328, -73, -961
-317, -153, -974
-302, -253, -984
-282, -355, -980
-288, -451, -976
-276, -594, -975
-233, -718, -965
-254, -766, -995
-257, -752, -985
-142, -599, -979
-82, -448, -991
-78, -265, -1059
-191, -65, -1097
-244, 108, -997
-122, 340, -939
-99, 547, -913
-84, 699, -901
-84, 699, -901
-224, 695, -949
-333, 655, -919
-281, 720, -900
-261, 710, -959
-266, 628, -1002
-365, 502, -1020
-398, 401, -990
-413, 317, -942
-381, 239, -928
-339, 206, -924
-339, 206, -924
-346, 173, -905
-361, 121, -875
-362, 78, -863
-335, 70, -870
-302, 94, -882
-271, 106, -899
-282, 62, -933
-324, 19, -943
-,-,-
-383, 30, -910
-408, 31, -910
-408, 31, -910
-409, 24, -914
-401, 22, -911
-399, 7, -904
-427, -12, -903
-442, -12, -899
-429, 1, -889
-429, 1, -889
-419, 14, -882
-419, 22, -889
-415, 26, -898
-407, 29, -915
-408, 27, -914
-402, 21, -903
-402, 21, -903
-401, -2, -905
-404, -29, -915
-389, -65, -929
-367, -146, -962
-338, -249, -982
-295, -316, -986
-229, -417, -977
-231, -592, -997
-278, -743, -1039
-272, -759, -1051
-193, -691, -1066
-189, -601, -1092
-209, -454, -1025
-145, -175, -951
-161, 85, -963
-217, 235, -957
-220, 349, -925
-263, 493, -862
-263, 493, -862
-325, 646, -797
-378, 726, -821
-375, 781, -859
-399, 797, -840
-451, 768, -791
-450, 715, -790
-457, 618, -825
-470, 528, -856
-449, 452, -844
-408, 352, -854
-408, 352, -854
-413, 208, -890
-429, 92, -897
-415, 36, -911
-393, 2, -950
-377, -11, -964
-349, 8, -980
-322, 39, -984
-322, 39, -984
-344, 65, -960
-378, 66, -942
-385, 67, -930
-,-,-
-393, 3, -903
-393, 3, -903
-393, -5, -895
-419, -23, -905
-432, -35, -903
-424, -41, -904
-422, -50, -895
-410, -54, -881
-419, -55, -887
-429, -59, -888
-429, -59, -888
-410, -51, -893
-392, -35, -900
-407, -24, -904
-416, -20, -912
-400, -8, -894
-406, -21, -913
-416, -38, -905
-417, -37, -900
-414, -36, -920
-413, -42, -920
-413, -42, -920
-409, -56, -903
-405, -65, -909
-406, -67, -909
-401, -72, -897
-406, -105, -896
-423, -167, -901
-406, -236, -909
-361, -275, -924
-352, -332, -927
-349, -422, -913
-307, -492, -899
-258, -560, -904
-235, -660, -934
-236, -758, -998
-374, -852, -1054
-318, -799, -1043
-240, -640, -1027
-181, -335, -955
-133, 28, -967
-257, 252, -956
-257, 252, -956
-353, 407, -915
-305, 624, -845
-287, 801, -810
-270, 951, -951
-348, 915, -1049
-411, 781, -980
-455, 623, -912
-473, 491, -853
-476, 394, -794
-477, 338, -808
-443, 318, -830
-443, 318, -830
-430, 273, -877
-450, 194, -882
-455, 128, -836
-482, 91, -819
-426, 92, -859
-377, 119, -902
-343, 130, -893
-396, 81, -876
-,-,-
-444, -6, -881
-444, -7, -880
-459, -9, -873
-450, -8, -884
-442, -5, -896
-448, 0, -901
-448, 0, -901
-461, -8, -896
-448, -2, -881
-456, -7, -880
-456, -9, -874
-446, -14, -874
-446, -14, -874
-460, -20, -875
-451, -19, -874
-445, -12, -885
-449, -22, -887
-453, -54, -885
-455, -94, -877
-463, -137, -900
-443, -174, -913
-396, -212, -911
-373, -255, -905
-391, -340, -895
-379, -417, -883
-370, -520, -883
-364, -654, -900
-377, -737, -913
-372, -769, -962
-316, -730, -1003
-284, -652, -1009
-366, -555, -1039
-322, -318, -1012
-205, 55, -923
-205, 55, -923
-170, 396, -835
-279, 593, -823
-356, 728, -844
-344, 861, -860
-319, 908, -952
-358, 790, -1032
-452, 660, -1045
-519, 541, -970
-557, 430, -862
-541, 315, -802
-518, 249, -818
-518, 249, -818
-521, 221, -812
-544, 186, -772
-536, 172, -722
-489, 173, -700
-459, 177, -745
-485, 159, -822
-491, 161, -864
-491, 148, -847
-460, 137, -840
-462, 108, -868
-462, 108, -868
-491, 69, -910
-,-,-
-433, -43, -856
-445, -20, -883
-456, -26, -885
-466, -43, -873
-466, -43, -873
-465, -49, -873
-442, -46, -889
-448, -46, -906
-463, -46, -899
-460, -40, -889
-448, -32, -884
-436, -30, -889
-438, -26, -887
-443, -25, -887
-435, -27, -893
-435, -27, -893
-432, -25, -894
-449, -47, -894
-465, -66, -899
-448, -57, -875
-454, -63, -885
-447, -76, -888
-447, -99, -899
-437, -117, -911
-433, -138, -912
-421, -206, -922
-422, -301, -937
-400, -367, -928
-373, -450, -915
-346, -564, -889
-345, -646, -885
-345, -646, -885
-333, -689, -910
-332, -751, -950
-309, -750, -960
-305, -634, -983
-235, -457, -1023
-194, -276, -1078
-254, -41, -1099
-266, 210, -957
-260, 471, -763
-249, 649, -700
-284, 763, -801
-367, 866, -955
-384, 879, -984
-409, 796, -941
-463, 730, -865
-473, 702, -815
-454, 653, -824
-454, 653, -824
-488, 526, -844
-510, 394, -836
-510, 299, -820
-499, 237, -799
-480, 162, -794
-488, 109, -848
-474, 110, -840
-460, 110, -827
-465, 85, -836
-465, 65, -858
-465, 65, -858
-439, 84, -864
-426, 95, -878
-453, 85, -901
-475, 55, -911
-451, 33, -915
-426, 30, -923
-,-,-
-504, -32, -915
-504, -32, -915
-488, -24, -912
-465, -18, -903
-484, -25, -903
-497, -34, -897
-502, -35, -883
-485, -27, -866
-481, -38, -878
-490, -47, -879
-499, -44, -865
-490, -41, -848
-480, -22, -863
-480, -22, -863
-474, -7, -865
-460, -3, -867
-475, -14, -878
-482, -18, -867
-489, -23, -853
-484, -16, -844
-491, -27, -869
-484, -29, -880
-465, -9, -873
-465, -9, -873
-484, -13, -891
-487, -18, -875
-486, -33, -855
-486, -48, -862
-482, -55, -870
-478, -73, -874
-471, -140, -889
-458, -253, -909
-433, -365, -935
-441, -534, -953
-486, -696, -941
-463, -746, -908
-393, -722, -875
-393, -722, -875
-298, -649, -872
-251, -552, -902
-283, -467, -937
-312, -367, -972
-257, -203, -1019
-259, -45, -1000
-287, 120, -947
-295, 312, -978
-420, 423, -1002
-381, 555, -889
-344, 761, -820
-359, 877, -866
-452, 876, -894
-509, 814, -851
-519, 724, -765
-514, 609, -734
-514, 609, -734
-501, 495, -763
-527, 396, -793
-565, 316, -783
-575, 241, -747
-551, 184, -737
-483, 155, -752
-484, 128, -800
-498, 112, -855
-,-,-
-444, 40, -880
-455, 22, -896
-468, 9, -881
-470, 7, -861
-482, -8, -853
-478, -17, -855
-471, -18, -867
-471, -18, -867
-483, -17, -872
-479, 0, -883
-467, 12, -876
-464, 13, -876
-473, 8, -877
-452, 19, -876
-452, 19, -876
-461, 13, -883
-474, -2, -879
-490, -23, -881
-490, -30, -876
-476, -28, -869
-467, -17, -864
-470, -15, -873
-467, -7, -877
-467, -7, -877
-459, -4, -874
-453, -15, -871
-459, -36, -873
-461, -47, -876
-450, -84, -883
-435, -189, -901
-415, -297, -900
-409, -452, -905
-432, -670, -906
-442, -798, -919
-399, -809, -936
-376, -759, -954
-307, -641, -932
-267, -478, -947
-267, -478, -947
-354, -347, -974
-358, -206, -957
-270, 0, -976
-221, 231, -1020
-167, 433, -1050
-273, 547, -1053
-387, 631, -963
-317, 722, -880
-312, 732, -887
-326, 726, -898
-369, 697, -879
-422, 638, -834
-434, 571, -765
-434, 571, -765
-448, 501, -715
-477, 413, -722
-492, 336, -768
-501, 284, -798
-469, 252, -791
-454, 215, -809
-458, 186, -823
-444, 160, -845
-437, 120, -878
-476, 58, -902
-476, 58, -902
-,-,-
-401, -3, -932
-390, -5, -922
-366, -10, -908
-367, -12, -898
-367, -12, -898
-381, -28, -908
-392, -35, -921
-386, -43, -919
-387, -50, -908
-395, -51, -897
-388, -37, -904
-386, -27, -915
-378, -18, -916
-371, -11, -920
-384, -18, -928
-386, -30, -918
-386, -30, -918
-380, -31, -906
-383, -40, -911
-392, -65, -921
-391, -83, -911
-381, -86, -908
-384, -101, -915
-381, -155, -921
-363, -234, -939
-333, -318, -970
-310, -450, -985
-314, -593, -966
-311, -681, -944
-257, -703, -931
-213, -708, -964
-260, -734, -1003
-229, -630, -982
-143, -432, -932
-148, -257, -1007
-192, -90, -1079
-352, 80, -1078
-352, 80, -1078
-301, 321, -930
-232, 507, -835
-221, 638, -889
-294, 730, -942
-371, 740, -918
-343, 676, -911
-355, 601, -935
-378, 555, -914
-415, 509, -882
-438, 422, -862
-438, 422, -862
-445, 330, -847
-460, 250, -855
-446, 196, -859
-431, 135, -856
-426, 71, -877
-413, 52, -879
-374, 66, -865
-364, 53, -885
-364, 53, -885
-366, 20, -905
-364, 15, -920
-336, 29, -946
-,-,-
-412, -7, -908
-419, -19, -902
-467, -28, -903
-492, -35, -892
-453, -31, -861
-429, -32, -877
-437, -32, -898
-469, -41, -898
-469, -32, -881
-444, -17, -878
-427, -13, -888
-427, -13, -888
-433, -16, -898
-438, -13, -902
-442, -4, -894
-440, -7, -868
-448, -30, -862
-436, -41, -863
-446, -51, -878
-446, -67, -881
-437, -99, -887
-437, -99, -887
-444, -142, -910
-433, -173, -918
-403, -229, -930
-375, -371, -945
-373, -554, -948
-373, -673, -922
-374, -771, -921
-348, -803, -925
-291, -731, -943
-243, -582, -978
-324, -493, -1019
-299, -287, -1013
-226, -6, -970
-221, 179, -988
-257, 404, -975
-397, 573, -880
-435, 662, -741
-379, 708, -797
-379, 708, -797
-338, 785, -945
-371, 784, -954
-424, 681, -894
-475, 530, -833
-501, 406, -807
-515, 324, -793
-504, 274, -768
-471, 249, -755
-448, 248, -778
-456, 231, -814
-456, 231, -814
-452, 225, -836
-438, 177, -861
-451, 128, -885
-429, 136, -902
-,-,-
-471, 9, -925
-449, 4, -919
-439, 16, -894
-439, 16, -894
-437, 11, -880
-439, 10, -886
-436, 8, -891
-420, 18, -893
-417, 17, -889
-434, -1, -888
-434, -1, -888
-427, -2, -890
-434, 3, -892
-428, 10, -891
-418, 15, -898
-416, 15, -908
-416, 15, -908
-423, 2, -901
-430, -13, -886
-444, -36, -878
-438, -60, -877
-432, -88, -890
-439, -139, -913
-437, -203, -943
-410, -268, -952
-377, -364, -962
-376, -506, -957
-361, -604, -924
-327, -687, -903
-298, -748, -916
-209, -707, -932
-209, -707, -932
-171, -593, -994
-234, -507, -1056
-328, -425, -1065
-260, -217, -1008
-202, 64, -997
-210, 385, -945
-270, 618, -856
-398, 681, -804
-413, 744, -790
-345, 819, -856
-316, 798, -940
-323, 683, -996
-407, 563, -996
-460, 498, -917
-476, 448, -834
-476, 448, -834
-444, 410, -829
-366, 367, -878
-,-,-
-469, -15, -879
-446, -19, -884
-461, -29, -867
-474, -33, -871
-466, -31, -863
-456, -22, -873
-453, -25, -877
-453, -25, -877
-469, -49, -875
-472, -50, -866
-478, -38, -876
-466, -26, -868
-442, -15, -862
-461, -23, -871
-473, -36, -881
-472, -43, -887
-466, -39, -881
-471, -46, -889
-460, -51, -882
-460, -51, -882
-460, -55, -880
-478, -86, -890
-490, -133, -882
-490, -171, -870
-480, -212, -870
-454, -285, -883
-427, -390, -902
-411, -487, -905
-375, -553, -887
-318, -680, -884
-308, -785, -883
-285, -796, -901
-342, -798, -962
-302, -682, -978
-241, -442, -1015
-213, -117, -1050
-281, 208, -1055
-265, 491, -982
-288, 673, -897
-371, 775, -801
-371, 775, -801
-431, 859, -733
-433, 838, -781
-449, 739, -890
-450, 647, -920
-469, 549, -883
-492, 431, -808
-501, 308, -781
-512, 221, -833
-498, 185, -854
-454, 172, -830
-450, 130, -842
-450, 130, -842
-,-,-
-503, -79, -889
-498, -92, -881
-503, -88, -875
-502, -84, -864
-480, -79, -857
-480, -79, -857
-471, -74, -862
-480, -76, -868
-491, -62, -861
-482, -43, -854
-478, -38, -848
-478, -50, -847
-465, -49, -854
-486, -56, -868
-491, -64, -885
-481, -64, -887
-481, -64, -887
-477, -67, -874
-485, -75, -872
-471, -67, -860
-478, -68, -858
-481, -75, -857
-478, -81, -863
-481, -99, -872
-482, -134, -874
-472, -202, -881
-448, -277, -896
-419, -373, -902
-410, -521, -887
-438, -669, -888
-436, -770, -868
-420, -839, -847
-371, -850, -882
-371, -850, -882
-295, -766, -912
-205, -583, -926
-185, -380, -950
-284, -187, -994
-276, 43, -992
-224, 260, -998
-275, 435, -950
-393, 563, -863
-408, 671, -821
-438, 729, -847
-454, 737, -902
-481, 706, -916
-494, 612, -829
-494, 612, -829
-568, 461, -764
-607, 366, -776
-570, 357, -800
-549, 348, -812
-536, 310, -830
-545, 257, -793
-561, 220, -750
-508, 235, -730
-467, 227, -761
-467, 197, -820
-467, 197, -837
-483, 155, -837
-526, 77, -835
-532, 38, -846
-492, 43, -867
-460, 66, -906
-495, 58, -940
-518, 40, -918
-518, 40, -918
-,-,-
-492, -83, -879
-516, -90, -862
-513, -88, -834
-486, -93, -829
-486, -93, -829
-470, -78, -850
-484, -77, -862
-495, -73, -867
-483, -66, -855
-487, -76, -851
-487, -77, -863
-478, -71, -873
-485, -62, -870
-489, -62, -861
-491, -77, -854
-501, -97, -860
-501, -97, -860
-494, -94, -864
-489, -80, -868
-486, -71, -877
-490, -78, -870
-475, -86, -862
-467, -95, -866
-479, -124, -871
-471, -155, -877
-448, -235, -890
-418, -350, -912
-404, -479, -925
-425, -622, -905
-418, -743, -886
-372, -787, -874
-320, -792, -873
-320, -792, -873
-252, -748, -888
-244, -690, -934
-282, -586, -969
-328, -385, -983
-319, -103, -984
-281, 219, -995
-317, 576, -937
-431, 858, -834
-466, 967, -758
-481, 920, -790
-539, 764, -852
-568, 619, -862
-563, 473, -865
-545, 326, -866
-551, 326, -843
-551, 211, -843
-580, 157, -808
-546, 145, -768
-538, 137, -762
-547, 113, -771
-503, 120, -791
-473, 123, -814
-499, 98, -836
-512, 67, -859
-500, 56, -848
-500, 56, -848
-506, 43, -837
-502, 43, -835
-500, 48, -856
-503, 28, -887
-538, -16, -899
-531, -38, -865
-531, -38, -865
-500, -33, -845
-,-,-
-573, -91, -786
-568, -88, -827
-566, -92, -803
-593, -102, -800
-609, -113, -793
-598, -110, -800
-588, -110, -809
-574, -114, -819
-599, -123, -818
-585, -113, -796
-568, -98, -786
-571, -100, -786
-571, -100, -786
-569, -106, -794
-569, -123, -788
-569, -134, -793
-578, -138, -806
-569, -129, -800
-565, -132, -804
-579, -153, -804
-583, -165, -799
-570, -159, -787
-557, -156, -793
-551, -173, -801
-539, -234, -808
-530, -288, -814
-514, -400, -813
-519, -629, -807
-519, -820, -795
-509, -954, -813
-510, -1042, -840
-480, -1011, -838
-401, -813, -829
-292, -498, -852
-263, -229, -959
-430, -32, -1080
-401, 210, -1026
-350, 450, -907
-368, 578, -786
-429, 703, -786
-429, 703, -786
-510, 788, -833
-490, 818, -848
-515, 743, -855
-565, 656, -831
-595, 578, -780
-613, 473, -765
-640, 358, -769
-639, 262, -763
-620, 204, -743
-609, 133, -738
-609, 52, -759
-609, 52, -759
-591, 5, -776
-597, -10, -792
-576, 7, -792
-553, 30, -773
-546, 40, -785
-546, 40, -785
-560, 33, -812
-,-,-
-597, -97, -815
-588, -118, -797
-589, -115, -787
-598, -110, -792
-583, -110, -789
-564, -99, -791
-563, -93, -796
-563, -93, -796
-571, -90, -790
-563, -82, -788
-576, -91, -787
-580, -102, -797
-573, -96, -793
-576, -93, -796
-572, -98, -803
-564, -93, -803
-582, -104, -808
-591, -111, -808
-582, -102, -802
-586, -97, -805
-587, -100, -811
-587, -100, -811
-575, -103, -812
-592, -122, -810
-589, -134, -794
-573, -130, -781
-562, -152, -787
-559, -220, -804
-555, -296, -814
-526, -364, -806
-478, -460, -800
-486, -587, -792
-498, -697, -783
-479, -790, -784
-439, -792, -782
-383, -732, -815
-417, -695, -855
-369, -589, -897
-308, -445, -991
-363, -297, -1060
-432, -126, -1039
-475, 135, -919
-437, 387, -823
-442, 533, -811
-483, 724, -838
-540, 918, -834
-540, 918, -834
-584, 904, -801
-617, 749, -790
-666, 592, -753
-692, 481, -709
-676, 402, -691
-640, 316, -722
-646, 224, -752
-634, 164, -744
-599, 132, -729
-594, 69, -747
-594, 69, -747
-582, 38, -770
-577, 26, -781
-597, 14, -763
-587, 17, -751
-600, -6, -775
-584, 6, -795
-584, 6, -795
-583, 20, -831
-,-,-
-634, -141, -781
-642, -147, -767
-634, -139, -748
-635, -139, -744
-635, -128, -744
-634, -120, -741
-633, -120, -736
-623, -125, -749
-626, -134, -752
-627, -130, -755
-628, -130, -754
-624, -127, -755
-622, -122, -756
-623, -119, -757
-633, -128, -759
-628, -126, -748
-631, -126, -742
-626, -125, -749
-616, -122, -757
-617, -128, -754
-630, -138, -760
-627, -151, -759
-622, -175, -754
-602, -245, -759
-595, -374, -779
-600, -593, -803
-584, -796, -795
-530, -884, -770
-467, -963, -777
-400, -1026, -772
-289, -920, -788
-266, -777, -795
-436, -675, -790
-409, -494, -770
-409, -494, -879
-369, -250, -879
-426, 63, -1019
-466, 421, -1035
-522, 684, -893
-619, 762, -770
-620, 815, -774
-626, 850, -843
-640, 771, -885
-674, 615, -865
-668, 488, -829
-658, 370, -789
-665, 238, -771
-663, 122, -785
-663, 122, -785
-645, 61, -790
-633, 33, -774
-617, 25, -732
-592, 38, -721
-574, 20, -745
-582, -6, -770
-582, -6, -770
-587, -9, -772
-591, 0, -764
-587, -11, -761
-600, -24, -776
-600, -26, -827
-598, -21, -854
-605, -37, -822
-,-,-
-633, -169, -731
-624, -169, -724
-651, -171, -746
-645, -188, -749
-647, -198, -748
-647, -194, -752
-649, -186, -741
-648, -189, -723
-652, -200, -712
-640, -194, -708
-639, -179, -736
-642, -176, -747
-642, -176, -747
-629, -169, -756
-633, -168, -749
-649, -178, -744
-649, -186, -739
-630, -180, -719
-646, -187, -728
-649, -189, -737
-635, -183, -736
-640, -192, -739
-640, -198, -738
-636, -204, -733
-630, -221, -728
-625, -232, -723
-615, -233, -715
-607, -235, -701
-615, -275, -690
-599, -339, -690
-553, -414, -716
-498, -512, -776
-458, -688, -815
-476, -922, -809
-501, -1079, -782
-482, -1163, -741
-423, -1152, -738
-353, -937, -821
-308, -610, -911
-364, -303, -983
-484, -16, -989
-404, 275, -963
-425, 529, -952
-425, 529, -952
-491, 720, -860
-575, 790, -748
-635, 789, -693
-666, 776, -702
-668, 740, -733
-673, 643, -760
-721, 477, -775
-750, 343, -749
-743, 267, -692
-717, 221, -671
-717, 221, -671
-682, 170, -689
-684, 118, -713
-685, 90, -725
-661, 99, -722
-630, 116, -717
-599, 116, -723
-612, 96, -749
-651, 45, -771
-651, 45, -771
-660, 5, -762
-653, -18, -749
-652, -37, -753
-666, -60, -754
-,-,-
-670, -151, -701
-639, -153, -709
-666, -149, -715
-671, -149, -704
-682, -160, -697
-663, -158, -695
-659, -166, -703
-673, -174, -703
-683, -173, -704
-681, -168, -698
-665, -155, -709
-675, -153, -716
-682, -158, -713
-677, -163, -708
-669, -158, -700
-669, -158, -700
-671, -163, -696
-667, -172, -684
-654, -166, -684
-659, -174, -701
-654, -182, -721
-644, -188, -729
-647, -209, -728
-655, -243, -720
-655, -281, -721
-655, -337, -728
-650, -405, -737
-637, -468, -734
-594, -547, -737
-563, -654, -731
-541, -767, -716
-504, -834, -722
-477, -877, -732
-503, -891, -733
-471, -792, -750
-459, -635, -814
-470, -441, -879
-481, -155, -886
-492, 66, -880
-523, 273, -871
-523, 273, -871
-603, 501, -787
-609, 699, -724
-610, 799, -730
-626, 819, -736
-662, 755, -707
-704, 666, -684
-718, 568, -672
-740, 471, -657
-728, 412, -650
-728, 343, -663
-728, 343, -663
-739, 248, -675
-741, 169, -666
-731, 124, -636
-703, 102, -624
-693, 92, -654
-685, 78, -707
-690, 46, -725
-699, 18, -729
-699, 18, -729
-,-,-
-313, 15, -960
-313, 15, -960
-319, 14, -961
-306, 27, -964
-290, 34, -952
-301, 31, -960
-321, 8, -954
-320, 0, -953
-320, 0, -953
-302, 7, -955
-309, 10, -952
-305, 12, -944
-297, 4, -938
-297, 4, -938
-300, 1, -938
-296, 0, -935
-283, 5, -935
-276, -8, -932
-281, -33, -938
-281, -33, -938
-276, -49, -949
-266, -69, -961
-265, -115, -970
-267, -187, -992
-262, -243, -1007
-248, -270, -1013
-192, -286, -998
-147, -332, -978
-122, -375, -972
-110, -434, -993
-106, -526, -1030
-122, -584, -1079
-145, -549, -1070
-113, -423, -1020
-87, -311, -1024
-58, -143, -1063
9, 148, -1089
-40, 383, -1095
-96, 531, -997
-24, 687, -956
-24, 687, -956
-12, 853, -958
-10, 954, -876
-71, 902, -852
-126, 780, -867
-145, 666, -908
-143, 574, -950
-160, 449, -948
-205, 316, -946
-205, 316, -946
-247, 202, -960
-244, 129, -953
-230, 82, -974
-211, 74, -990
-187, 99, -964
-193, 111, -954
-178, 103, -953
-,-,-
-260, 52, -928
-244, 23, -990
-242, 6, -996
-243, -19, -997
-233, -48, -994
-233, -48, -994
-223, -79, -999
-228, -105, -1002
-233, -99, -971
-236, -74, -939
-237, -12, -930
-232, 46, -948
-233, 69, -973
-235, 77, -989
-240, 71, -993
-240, 71, -993
-237, 40, -988
-245, -42, -1003
-224, -223, -1012
-219, -438, -1025
-234, -658, -1053
-236, -793, -1029
-166, -824, -1003
-95, -819, -1005
-24, -714, -989
73, -508, -972
146, -289, -1013
3, -143, -1082
10, 40, -996
83, 315, -967
83, 315, -967
94, 666, -933
95, 996, -885
7, 1095, -857
-141, 959, -884
-141, 959, -959
-160, 805, -959
-109, 683, -1030
-100, 537, -1067
-118, 412, -1064
-162, 291, -1050
-179, 190, -1006
-208, 110, -997
-203, 81, -997
-160, 92, -976
-147, 94, -950
-126, 78, -944
-100, 78, -942
-100, 84, -942
-93, 95, -932
-95, 82, -922
-115, 57, -922
-,-,-
-207, 39, -988
-201, 44, -980
-220, 35, -995
-239, 13, -989
-246, 1, -980
-242, -2, -969
-242, -2, -969
-223, 12, -965
-219, 29, -965
-226, 34, -964
-226, 30, -957
-222, 30, -955
-215, 36, -962
-215, 36, -962
-210, 36, -964
-224, 33, -957
-218, 34, -948
-214, 32, -950
-210, 25, -961
-209, 12, -973
-209, 12, -973
-209, 2, -975
-212, 2, -968
-209, 2, -964
-216, -3, -966
-215, -16, -960
-205, -22, -958
-205, -22, -958
-191, -25, -963
-192, -30, -965
-196, -58, -959
-175, -106, -977
-165, -180, -1003
-156, -276, -1032
-137, -391, -1046
-100, -495, -1041
-70, -558, -1070
-33, -581, -1075
3, -521, -1019
69, -423, -971
119, -308, -986
118, -189, -1031
97, -91, -1029
103, 2, -1016
103, 2, -1016
135, 160, -1031
194, 352, -1016
241, 506, -987
183, 571, -955
76, 592, -962
76, 592, -962
111, 642, -962
151, 658, -996
143, 637, -1014
117, 586, -1033
56, 479, -1055
14, 353, -1052
-24, 255, -1029
-24, 255, -1029
-41, 191, -1004
-42, 143, -948
-48, 95, -925
-42, 56, -931
-29, 29, -922
-12, 19, -941
-12, 19, -941
31, 32, -961
37, 35, -966
50, 26, -984
50, 26, -984
-,-,-
-198, -11, -958
-180, -6, -982
-200, -15, -980
-217, -37, -969
-225, -56, -972
-209, -54, -972
-195, -42, -974
-195, -42, -974
-207, -40, -978
-203, -35, -977
-190, -30, -978
-190, -27, -988
-201, -30, -988
-202, -27, -989
-209, -20, -978
-212, -20, -976
-184, -27, -982
-196, -52, -979
-198, -66, -975
-198, -66, -975
-204, -83, -985
-205, -111, -979
-186, -144, -978
-184, -182, -981
-169, -199, -987
-144, -246, -994
-136, -310, -1000
-116, -356, -980
-105, -393, -963
-109, -444, -957
-82, -454, -939
-58, -456, -937
-49, -505, -988
-78, -540, -1033
-83, -480, -1014
-70, -388, -992
-86, -285, -975
-86, -285, -975
-42, -140, -976
15, 0, -1013
17, 92, -1061
-69, 206, -1043
-95, 398, -938
-96, 553, -915
-96, 553, -915
17, 709, -967
109, 811, -1039
43, 774, -1034
-86, 633, -985
-131, 489, -974
-140, 383, -996
-174, 301, -1005
-168, 266, -968
-168, 266, -968
-181, 205, -916
-181, 121, -918
-168, 52, -970
-146, 15, -999
-110, -6, -998
-60, -10, -992
-,-,-
-191, -36, -1023
-155, -35, -1001
-162, -33, -966
-192, -92, -961
-225, -170, -955
-219, -243, -954
-195, -293, -935
-173, -333, -925
-141, -358, -930
-108, -389, -965
-86, -394, -974
-73, -388, -962
-83, -378, -935
-83, -378, -935
-65, -342, -922
-36, -319, -939
-14, -325, -970
-16, -385, -1027
-45, -436, -1063
-49, -428, -993
-105, -429, -996
-106, -435, -1018
-16, -308, -1053
46, -122, -1085
41, 16, -1065
-7, 172, -1007
-7, 172, -1007
-30, 356, -954
26, 581, -968
93, 750, -1017
77, 800, -1022
-49, 725, -1006
-98, 582, -1026
-98, 452, -1037
-98, 452, -1037
-106, 354, -1019
-122, 261, -987
-167, 149, -964
-191, 63, -952
-175, 30, -940
-149, 35, -927
-120, 47, -928
-96, 46, -937
-96, 46, -937
-93, 27, -954
-86, 18, -960
-59, 22, -981
-61, 5, -985
-61, 5, -985
-75, -18, -983
-89, -41, -981
-80, -56, -978
-80, -62, -1006
-82, -51, -1023
-82, -51, -1023
-86, -39, -1021
-86, -36, -1008
-88, -41, -993
-113, -53, -1002
-108, -43, -997
-95, -38, -991
-86, -38, -1000
-72, -27, -1003
-,-,-
-156, 4, -968
-189, 4, -977
-189, -4, -977
-206, -17, -970
-209, -20, -974
-195, -15, -978
-190, -18, -983
-195, -25, -987
-201, -31, -987
-192, -28, -978
-177, -29, -976
-177, -29, -976
-186, -38, -968
-182, -46, -961
-186, -59, -956
-179, -76, -955
-169, -105, -972
-170, -134, -978
-169, -178, -984
-163, -221, -992
-137, -265, -998
-109, -304, -1011
-89, -355, -1018
-60, -437, -997
-74, -582, -1006
-85, -704, -1018
-61, -732, -999
-17, -667, -975
-80, -629, -967
-80, -629, -967
-57, -536, -940
30, -352, -992
91, -111, -1060
139, 108, -1021
52, 277, -976
-127, 394, -932
-59, 552, -914
53, 703, -1013
53, 703, -1013
84, 775, -1115
36, 730, -1112
-89, 578, -1055
-152, 441, -1016
-159, 363, -1023
-141, 308, -1044
-155, 241, -1015
-162, 176, -963
-180, 110, -968
-167, 77, -962
-167, 77, -962
-153, 71, -953
-133, 64, -965
-102, 59, -946
-98, 30, -934
-86, 3, -938
-86, 3, -938
-100, -21, -952
-110, -41, -987
-85, -49, -989
-85, -61, -996
-86, -70, -1011
-97, -77, -1021
-97, -68, -1023
-97, -68, -1023
-76, -60, -1020
-92, -74, -1014
-81, -80, -1022
-,-,-
-201, -18, -954
-184, -10, -962
-192, -13, -982
-214, -35, -969
-214, -41, -943
-215, -46, -940
-214, -46, -959
-218, -46, -980
-224, -33, -973
-216, -20, -978
-206, -23, -988
-206, -23, -988
-207, -26, -998
-204, -15, -1001
-202, -4, -994
-201, -3, -979
-198, -10, -958
-199, -8, -961
-188, -8, -963
-190, -26, -955
-190, -26, -947
-199, -89, -947
-207, -192, -958
-185, -330, -959
-175, -481, -968
-162, -593, -977
-124, -685, -977
-104, -755, -944
-71, -756, -916
-25, -679, -896
30, -570, -897
57, -486, -970
61, -415, -1026
81, -329, -1007
81, -329, -1007
13, -256, -1009
-59, -128, -1064
-5, -39, -1045
22, 50, -1120
43, 220, -1193
-37, 407, -1117
-92, 550, -956
-15, 710, -953
-15, 710, -953
73, 857, -1035
70, 865, -1060
-26, 668, -1092
-120, 488, -1044
-162, 419, -999
-193, 359, -953
-194, 285, -941
-191, 185, -934
-210, 96, -931
-210, 96, -931
-199, 75, -928
-196, 65, -940
-160, 36, -953
-127, 9, -977
-110, 0, -984
-110, 0, -984
-100, -1, -978
-127, -40, -1009
-128, -71, -1017
-,-,-
-236, -129, -989
-184, -97, -984
-193, -73, -976
-213, -79, -996
-215, -89, -1011
-212, -90, -995
-212, -90, -995
-218, -79, -969
-223, -69, -952
-233, -69, -958
-201, -61, -965
-187, -38, -982
-192, -33, -995
-189, -60, -986
-196, -84, -984
-196, -116, -993
-198, -156, -991
-190, -188, -985
-183, -197, -995
-183, -197, -995
-177, -206, -990
-152, -227, -972
-134, -270, -965
-138, -340, -964
-120, -411, -958
-98, -513, -946
-101, -593, -941
-96, -629, -927
-58, -609, -913
-12, -564, -909
6, -509, -949
-62, -489, -978
-31, -382, -964
54, -251, -1008
54, -251, -1008
90, -106, -1114
138, 55, -1153
104, 201, -1115
-120, 204, -1039
-126, 308, -958
26, 557, -979
126, 744, -1039
112, 740, -1021
-33, 650, -1013
-33, 650, -1013
-53, 601, -1017
-43, 521, -1054
-52, 403, -1094
-121, 268, -1084
-180, 172, -1017
-182, 116, -955
-192, 57, -943
-165, 37, -968
-123, 33, -978
-101, -4, -981
-101, -4, -981
-103, -54, -1003
-67, -44, -1001
-56, -21, -1005
-33, -23, -984
-62, -77, -986
-88, -88, -976
-111, -76, -968
-107, -59, -963
-107, -59, -963
-88, -46, -980
-55, -39, -1002
-50, -44, -1013
-63, -59, -1018
-83, -78, -1014
-113, -118, -997
-126, -132, -981
-113, -139, -973
-,-,-
-201, -28, -987
-201, -28, -987
-202, -41, -987
-175, -39, -972
-185, -37, -956
-193, -43, -963
-194, -50, -973
-191, -52, -974
-201, -51, -984
-187, -41, -981
-195, -41, -989
-207, -40, -987
-207, -40, -987
-189, -29, -963
-204, -24, -982
-196, -25, -990
-180, -30, -990
-177, -40, -977
-186, -37, -994
-180, -42, -991
-171, -54, -979
-176, -89, -984
-159, -144, -992
-139, -258, -1007
-145, -400, -1003
-149, -504, -993
-123, -625, -991
-88, -721, -982
-88, -721, -982
-24, -742, -980
15, -726, -978
-5, -687, -943
26, -569, -898
37, -479, -900
46, -383, -976
90, -196, -1048
90, -196, -1048
140, -32, -1030
-13, 70, -1079
-114, 94, -1121
-124, 220, -1112
-52, 495, -1049
6, 696, -942
20, 725, -890
-93, 669, -932
-93, 669, -932
-147, 620, -953
-81, 617, -956
-42, 532, -1013
-61, 430, -1041
-108, 359, -1010
-145, 294, -950
-130, 224, -953
-103, 160, -984
-76, 97, -998
-76, 97, -998
-104, 23, -996
-123, -20, -992
-116, -41, -976
-64, -43, -980
-65, -57, -1013
-61, -57, -1027
-75, -50, -1015
-75, -50, -1015
-70, -53, -973
-62, -64, -969
-48, -70, -999
-49, -60, -1024
-56, -47, -1014
-65, -56, -993
-58, -60, -985
-,-,-
-218, -38, -960
-229, -25, -959
-214, -25, -967
-213, -25, -965
-228, -40, -965
-239, -50, -963
-237, -53, -961
-216, -43, -958
-216, -38, -979
-225, -42, -978
-226, -51, -978
-226, -51, -978
-230, -48, -977
-205, -32, -960
-217, -39, -979
-226, -49, -986
-225, -53, -978
-210, -56, -974
-218, -65, -973
-217, -75, -962
-210, -85, -962
-210, -108, -963
-211, -171, -963
-198, -274, -973
-198, -274, -973
-173, -368, -982
-159, -488, -969
-168, -658, -957
-181, -805, -937
-141, -836, -896
-50, -778, -865
41, -704, -882
43, -622, -940
-23, -562, -968
44, -481, -956
37, -344, -1088
61, -111, -1148
80, 214, -1112
80, 214, -1112
-65, 414, -1043
-99, 517, -957
-5, 675, -993
37, 749, -1073
18, 709, -1118
-14, 600, -1108
-14, 600, -1108
-82, 483, -1092
-113, 383, -1052
-126, 301, -1064
-98, 227, -1085
-118, 166, -1040
-149, 127, -962
-155, 104, -906
-143, 61, -914
-101, 37, -974
-93, 23, -983
-93, 23, -983
-109, -14, -937
-122, -65, -948
-121, -92, -985
-90, -70, -1002
-83, -56, -993
-89, -84, -990
-125, -114, -1002
-105, -101, -978
-103, -85, -1010
-,-,-
-237, -3, -983
-238, -10, -983
-254, -19, -963
-253, -32, -944
-253, -31, -945
-252, -41, -959
-265, -62, -966
-256, -67, -969
-252, -59, -966
-252, -59, -966
-242, -53, -967
-237, -52, -981
-235, -50, -981
-225, -46, -962
-240, -59, -964
-247, -81, -970
-235, -83, -956
-228, -96, -956
-233, -132, -959
-246, -186, -970
-228, -251, -966
-204, -357, -961
-196, -483, -944
-198, -609, -929
-198, -609, -929
-219, -731, -907
-223, -830, -883
-192, -842, -880
-122, -740, -858
-61, -580, -837
-71, -448, -892
-101, -340, -968
15, -49, -1237
98, 146, -1059
19, 340, -1027
-9, 511, -1061
-19, 628, -1095
-19, 628, -1095
55, 680, -1128
29, 638, -1207
11, 572, -1185
-43, 459, -1124
-149, 304, -1035
-222, 162, -959
-250, 113, -906
-206, 128, -864
-162, 141, -902
-162, 141, -902
-117, 157, -967
-114, 155, -947
-132, 136, -920
-105, 120, -940
-84, 106, -983
-88, 82, -1021
-102, 36, -989
-145, -25, -960
-173, -70, -981
-173, -70, -981
-182, -97, -1011
-151, -88, -1024
-151, -86, -1000
-138, -75, -981
-129, -63, -983
-144, -82, -998
-,-,-
-160, 6, -977
-160, 6, -977
-175, 4, -983
-184, -2, -983
-192, -3, -968
-193, -13, -957
-177, -12, -958
-177, -12, -958
-177, -20, -968
-186, -30, -976
-172, -26, -988
-161, -40, -1000
-164, -104, -1013
-147, -216, -999
-138, -336, -985
-141, -454, -996
-176, -578, -1009
-200, -705, -1010
-163, -754, -981
-71, -704, -954
41, -618, -918
115, -554, -874
0, -530, -983
0, -530, -983
-62, -454, -1005
12, -325, -1003
56, -187, -1041
118, 20, -1093
167, 261, -1099
132, 400, -1093
-54, 369, -1056
-79, 448, -1006
16, 630, -992
16, 630, -992
79, 752, -1026
74, 730, -1042
-12, 635, -1068
-77, 550, -1050
-65, 479, -1025
-71, 361, -1011
-115, 230, -1012
-158, 145, -990
-158, 145, -990
-158, 106, -936
-154, 50, -905
-124, -3, -933
-118, -34, -990
-100, -25, -990
-91, -21, -952
-99, -24, -958
-99, -24, -958
-105, -52, -986
-106, -64, -1016
-96, -50, -1011
-82, -37, -964
-80, -36, -975
-89, -48, -1010
-,-,-
-239, -41, -968
-246, -49, -985
-234, -55, -1002
-215, -41, -986
-230, -42, -976
-242, -48, -956
-250, -60, -948
-243, -58, -949
-236, -46, -957
-225, -31, -955
-226, -42, -958
-233, -63, -976
-233, -63, -976
-230, -74, -985
-232, -77, -977
-219, -88, -970
-203, -142, -967
-212, -246, -965
-219, -375, -967
-217, -543, -965
-230, -695, -955
-217, -770, -958
-198, -798, -955
-154, -759, -938
-69, -652, -938
30, -531, -917
24, -416, -917
24, -416, -917
-63, -311, -1005
-60, -167, -1075
-63, -15, -1103
-39, 197, -1073
-32, 384, -1008
-30, 521, -982
-134, 595, -1002
-137, 634, -997
-79, 583, -982
-100, 500, -1040
-165, 397, -1037
-206, 336, -1024
-206, 336, -1024
-209, 282, -983
-182, 216, -968
-166, 179, -973
-170, 170, -980
-176, 144, -971
-172, 107, -935
-165, 75, -913
-136, 49, -919
-108, 44, -971
-108, 44, -971
-122, 14, -995
-143, -29, -960
-,-,-
-289, -127, -993
-285, -104, -975
-287, -95, -951
-285, -97, -947
-273, -90, -940
-265, -90, -957
-265, -88, -957
-271, -78, -957
-280, -86, -952
-281, -100, -937
-273, -117, -946
-277, -138, -963
-278, -138, -966
-271, -129, -961
-266, -148, -954
-271, -175, -942
-266, -194, -942
-267, -202, -925
-268, -227, -934
-267, -307, -942
-274, -430, -947
-268, -526, -939
-236, -559, -915
-229, -614, -893
-247, -716, -898
-265, -773, -904
-258, -758, -881
-196, -662, -853
-196, -662, -853
-168, -566, -859
-178, -496, -918
-150, -378, -1010
-65, -183, -1103
28, 34, -1033
21, 277, -1005
-24, 471, -1017
-6, 663, -1087
85, 746, -1158
42, 725, -1139
-72, 638, -1037
-72, 638, -1037
-174, 540, -996
-210, 439, -983
-208, 331, -997
-226, 231, -995
-279, 125, -942
-319, 55, -892
-301, 14, -901
-271, 0, -955
-271, 0, -955
-216, 12, -964
-189, 16, -944
-,-,-
-264, -27, -928
-266, -29, -930
-266, -35, -948
-266, -35, -948
-268, -44, -947
-270, -67, -950
-271, -72, -954
-282, -72, -963
-273, -71, -958
-272, -87, -959
-253, -103, -968
-258, -125, -985
-252, -140, -997
-241, -162, -992
-236, -202, -974
-247, -270, -969
-226, -327, -955
-219, -361, -935
-192, -394, -904
-178, -463, -914
-178, -463, -936
-173, -533, -936
-205, -600, -977
-227, -637, -986
-212, -601, -963
-193, -518, -930
-170, -416, -933
-120, -258, -996
-78, -12, -1093
-63, 235, -1099
-81, 384, -1066
-50, 548, -1041
-38, 717, -987
-78, 741, -943
-131, 658, -964
-148, 539, -987
-148, 539, -987
-190, 414, -1001
-223, 325, -986
-235, 251, -975
-244, 166, -988
-241, 93, -986
-229, 61, -976
-225, 37, -959
-212, 26, -938
-212, 26, -938
-225, 35, -931
-202, 33, -909
-203, 10, -912
-176, 14, -918
-176, 19, -930
-170, 7, -947
-170, 7, -947
-163, -14, -948
-189, -45, -962
-,-,-
-283, -67, -947
-280, -72, -931
-283, -65, -942
-284, -59, -937
-301, -59, -944
-294, -60, -946
-277, -69, -953
-291, -104, -956
-314, -162, -954
-314, -162, -954
-317, -220, -956
-309, -259, -955
-286, -276, -955
-274, -287, -946
-280, -298, -930
-266, -320, -906
-246, -359, -895
-226, -418, -895
-219, -550, -904
-244, -732, -936
-255, -805, -947
-199, -740, -944
-110, -629, -917
-49, -498, -931
-55, -354, -991
-120, -214, -1079
-104, -59, -1090
-65, 103, -1056
-103, 264, -997
-84, 423, -926
-70, 563, -953
-70, 563, -953
-120, 611, -1013
-152, 594, -993
-166, 584, -966
-172, 555, -967
-184, 500, -997
-212, 411, -999
-234, 344, -994
-251, 270, -975
-233, 200, -965
-233, 200, -965
-244, 139, -966
-254, 101, -950
-257, 66, -935
-217, 52, -923
-177, 47, -939
-172, 40, -960
-181, 21, -984
-218, -39, -985
-218, -39, -985
-236, -86, -972
-,-,-
-249, -120, -934
-251, -70, -935
-292, -87, -955
-317, -106, -962
-313, -111, -962
-307, -110, -956
-318, -109, -949
-324, -105, -952
-311, -91, -955
-296, -91, -965
-286, -97, -961
-288, -98, -958
-301, -114, -942
-302, -131, -925
-296, -137, -926
-296, -145, -928
-286, -138, -917
-286, -138, -917
-278, -133, -923
-276, -150, -926
-275, -188, -927
-263, -235, -947
-266, -315, -957
-252, -417, -947
-233, -526, -955
-241, -644, -952
-235, -772, -924
-209, -853, -900
-171, -826, -886
-87, -686, -863
-15, -537, -851
-46, -429, -901
-97, -329, -979
-165, -226, -1065
-106, -20, -1074
-57, 226, -1068
-67, 440, -1065
-130, 554, -1059
-130, 554, -1059
-167, 611, -1068
-133, 631, -1069
-141, 597, -1049
-201, 549, -992
-250, 484, -968
-268, 403, -955
-287, 304, -957
-301, 223, -950
-287, 191, -958
-275, 164, -952
-286, 105, -930
-287, 62, -921
-254, 51, -942
-254, 51, -942
-245, 50, -934
-243, 44, -935
-235, 20, -916
-232, -11, -902
-247, -54, -920
-239, -69, -941
-228, -67, -996
-228, -67, -996
-206, -59, -1010
-203, -69, -1011
-214, -100, -1000
-259, -125, -1003
-,-,-
-309, -106, -930
-287, -101, -918
-307, -83, -915
-314, -84, -938
-326, -88, -935
-316, -95, -925
-300, -96, -930
-298, -88, -942
-306, -92, -951
-303, -94, -941
-303, -94, -941
-301, -97, -939
-275, -104, -930
-295, -152, -944
-314, -205, -961
-300, -241, -950
-269, -307, -960
-248, -397, -965
-225, -488, -963
-232, -588, -951
-249, -687, -926
-232, -721, -877
-210, -700, -836
-183, -648, -846
-125, -592, -888
-175, -541, -942
-175, -427, -964
-116, -276, -992
-88, -122, -985
-69, 70, -975
-69, 70, -975
-129, 264, -978
-134, 429, -939
-1, 629, -975
80, 742, -1051
29, 730, -1046
-122, 670, -1020
-217, 595, -938
-217, 595, -938
-247, 512, -905
-250, 462, -945
-254, 409, -993
-271, 333, -1016
-274, 263, -1003
-281, 199, -955
-284, 150, -929
-262, 98, -968
-230, 58, -1023
-221, 39, -1030
-202, 46, -986
-202, 46, -986
-208, 43, -965
-194, 41, -975
-185, 24, -1001
-195, 10, -999
-,-,-
-323, -139, -952
-296, -106, -968
-303, -87, -969
-318, -85, -955
-320, -89, -943
-320, -89, -943
-309, -97, -936
-308, -109, -930
-317, -109, -929
-321, -111, -926
-320, -112, -927
-295, -117, -930
-297, -126, -939
-303, -133, -944
-304, -130, -941
-305, -125, -932
-301, -118, -920
-321, -114, -923
-314, -98, -928
-298, -85, -934
-300, -107, -942
-316, -166, -949
-324, -216, -960
-292, -306, -970
-261, -447, -980
-259, -567, -958
-296, -651, -926
-296, -651, -926
-322, -723, -917
-285, -757, -899
-206, -685, -903
-133, -558, -934
-121, -464, -973
-159, -413, -975
-217, -352, -935
-194, -244, -907
-143, -71, -947
-111, 104, -985
-161, 238, -1010
-212, 373, -996
-129, 549, -945
-51, 704, -973
-61, 743, -1047
-114, 695, -1085
-193, 591, -1058
-222, 490, -970
-222, 490, -970
-266, 411, -938
-287, 332, -935
-289, 241, -948
-315, 142, -960
-338, 82, -922
-309, 57, -871
-289, 41, -885
-286, 18, -927
-286, 18, -927
-276, 10, -960
-259, 3, -946
-230, 13, -929
-,-,-
-326, -28, -950
-307, -20, -951
-295, -20, -943
-323, -40, -948
-352, -70, -932
-335, -86, -917
-318, -102, -925
-339, -168, -942
-350, -224, -947
-332, -226, -951
-291, -221, -940
-278, -256, -947
-292, -307, -962
-288, -301, -934
-278, -266, -901
-293, -186, -874
-299, -78, -871
-299, -78, -871
-301, -12, -917
-324, -64, -964
-348, -143, -999
-354, -277, -1014
-375, -394, -1003
-405, -462, -996
-433, -496, -982
-425, -559, -996
-390, -558, -1015
-295, -417, -1020
-226, -278, -1005
-323, -238, -995
-273, -111, -927
-226, 60, -880
-173, 218, -885
-109, 396, -962
-117, 556, -978
-160, 625, -948
-179, 644, -903
-177, 620, -880
-177, 620, -880
-214, 587, -885
-258, 541, -886
-307, 479, -904
-351, 363, -900
-410, 258, -879
-406, 226, -857
-396, 208, -858
-385, 168, -901
-370, 133, -894
-386, 105, -884
-386, 105, -884
-387, 83, -894
-375, 48, -917
-387, 7, -933
-368, 5, -932
-379, 16, -904
-398, 27, -884
-398, 27, -884
-385, 30, -918
-377, 29, -952
-367, 39, -939
-366, 35, -910
-,-,-
-402, -44, -913
-376, -36, -924
-401, -33, -899
-421, -34, -907
-391, -14, -897
-391, -20, -910
-388, -20, -910
-388, -20, -910
-386, -15, -911
-386, -22, -913
-397, -51, -913
-403, -83, -912
-389, -97, -925
-400, -127, -938
-402, -180, -931
-404, -237, -928
-395, -287, -924
-389, -356, -923
-394, -460, -925
-403, -518, -918
-384, -523, -887
-388, -542, -877
-403, -551, -903
-389, -522, -937
-379, -459, -929
-409, -366, -912
-409, -366, -932
-407, -258, -932
-362, -90, -980
-294, 94, -1051
-274, 210, -1040
-302, 348, -964
-401, 411, -840
-378, 463, -830
-289, 589, -900
-256, 686, -932
-307, 637, -964
-386, 551, -991
-408, 470, -956
-441, 382, -926
-441, 382, -926
-449, 310, -874
-451, 241, -828
-493, 170, -803
-500, 130, -768
-477, 121, -731
-460, 105, -744
-458, 91, -780
-445, 90, -810
-454, 74, -828
-454, 74, -828
-452, 50, -855
-455, 17, -875
-438, -3, -899
-463, -16, -931
-467, -18, -932
-,-,-
-476, -53, -901
-465, -47, -885
-469, -62, -865
-465, -54, -850
-456, -59, -851
-464, -63, -866
-459, -64, -876
-459, -69, -892
-455, -73, -887
-457, -71, -881
-457, -71, -881
-460, -75, -885
-469, -101, -884
-465, -128, -872
-449, -134, -876
-452, -136, -877
-445, -136, -868
-444, -148, -871
-449, -181, -877
-455, -224, -879
-441, -286, -882
-433, -373, -900
-437, -426, -906
-414, -428, -885
-399, -434, -863
-382, -461, -865
-377, -470, -867
-378, -438, -873
-366, -380, -868
-393, -340, -859
-396, -264, -882
-386, -146, -933
-399, -16, -986
-399, -16, -986
-388, 76, -989
-398, 161, -990
-392, 276, -979
-388, 378, -943
-413, 433, -929
-431, 452, -953
-426, 467, -964
-442, 469, -932
-463, 436, -863
-481, 388, -832
-481, 388, -832
-496, 320, -832
-494, 267, -823
-508, 198, -814
-488, 150, -785
-484, 107, -798
-499, 57, -803
-473, 51, -796
-479, 9, -850
-479, 9, -850
-483, -14, -851
-474, -21, -846
-480, -32, -878
-468, -12, -885
-460, -6, -899
-473, -15, -922
-474, -6, -915
-486, -4, -900
-486, -4, -900
-486, 3, -886
-478, 2, -886
-446, -3, -882
-,-,-
-256, 43, -950
-241, 45, -933
-239, 40, -939
-234, 32, -951
-243, 21, -966
-259, 7, -967
-259, 7, -967
-244, -1, -960
-241, -35, -967
-264, -74, -977
-256, -102, -979
-243, -128, -985
-219, -166, -986
-206, -242, -990
-210, -313, -1002
-193, -345, -994
-178, -361, -964
-166, -388, -938
-161, -432, -955
-173, -485, -1004
-163, -532, -990
-164, -486, -986
-139, -373, -976
-139, -246, -1010
-86, -114, -1065
-86, -114, -1065
-16, 35, -1103
-6, 182, -1066
-33, 327, -981
-131, 445, -925
-150, 534, -914
-75, 635, -945
-54, 712, -935
-92, 684, -934
-92, 684, -934
-150, 638, -961
-167, 590, -958
-195, 496, -953
-226, 401, -960
-242, 313, -970
-249, 237, -973
-263, 184, -942
-245, 154, -931
-222, 112, -952
-222, 112, -980
-220, 62, -980
-219, 42, -974
-198, 44, -966
-186, 42, -961
-192, 33, -961
-198, 32, -963
-197, 30, -974
-197, 30, -974
-220, 26, -965
-209, 16, -968
-184, 26, -990
-189, 34, -1023
-189, 48, -1049
-,-,-
-256, -16, -958
-240, -27, -994
-256, -19, -974
-247, -16, -958
-250, -17, -953
-258, -19, -951
-261, -25, -953
-261, -25, -953
-254, -29, -950
-259, -33, -952
-255, -31, -942
-266, -27, -942
-260, -21, -941
-250, -20, -949
-256, -35, -951
-257, -62, -957
-247, -68, -970
-240, -94, -976
-238, -189, -991
-238, -189, -991
-239, -278, -1005
-223, -325, -984
-225, -391, -982
-231, -499, -982
-231, -610, -975
-201, -662, -950
-156, -643, -919
-146, -613, -924
-131, -583, -963
-81, -495, -1047
-41, -350, -1092
-70, -203, -1058
-92, -37, -999
-95, 121, -972
-25, 376, -992
76, 655, -943
76, 655, -943
78, 815, -953
-6, 849, -1016
-64, 825, -983
-69, 785, -935
-92, 650, -953
-157, 489, -1002
-157, 489, -1002
-248, 338, -1001
-296, 222, -953
-289, 156, -927
-268, 126, -942
-232, 109, -970
-206, 94, -972
-190, 82, -974
-193, 61, -971
-184, 49, -966
-184, 49, -982
-139, 53, -982
-145, 35, -1010
-157, 18, -1012
-184, 14, -1001
-164, 15, -989
-181, 3, -995
-188, 0, -991
-188, 0, -991
-175, 1, -996
-168, 19, -1010
-172, 26, -995
-177, 22, -975
-178, 36, -964
-171, 58, -976
-171, 58, -976
-,-,-
-292, -46, -952
-275, -36, -946
-265, -37, -963
-277, -36, -967
-292, -41, -970
-300, -53, -966
-287, -61, -961
-273, -57, -959
-292, -59, -948
-295, -54, -944
-295, -54, -944
-272, -47, -943
-272, -43, -953
-266, -41, -946
-279, -48, -947
-279, -57, -950
-280, -64, -957
-254, -57, -949
-257, -88, -964
-262, -138, -967
-263, -183, -978
-278, -214, -987
-264, -243, -963
-250, -303, -957
-250, -303, -957
-247, -369, -951
-233, -419, -938
-216, -480, -926
-210, -540, -925
-217, -589, -941
-218, -611, -954
-186, -604, -988
-138, -508, -1020
-96, -374, -991
-130, -287, -997
-214, -223, -1075
-146, -110, -1084
-98, 64, -1117
-84, 271, -1049
-107, 476, -900
-159, 572, -829
-247, 590, -877
-186, 655, -951
-147, 671, -1001
-171, 588, -998
-171, 588, -998
-241, 439, -972
-306, 331, -949
-305, 273, -957
-285, 216, -955
-267, 165, -944
-278, 128, -920
-285, 107, -900
-278, 51, -920
-264, 16, -946
-264, 16, -946
-254, 22, -947
-240, 34, -932
-228, 38, -926
-247, 22, -943
-258, 4, -949
-253, -10, -957
-253, -10, -957
-246, -13, -972
-258, -17, -977
-250, -23, -974
-244, -41, -988
-259, -57, -1015
-261, -60, -1007
-265, -57, -985
-234, -41, -969
-242, -38, -971
-,-,-
-353, -81, -957
-347, -80, -939
-339, -73, -930
-323, -60, -922
-337, -57, -929
-341, -65, -925
-360, -87, -926
-347, -90, -923
-354, -103, -921
-362, -113, -918
-358, -116, -930
-354, -103, -945
-351, -87, -942
-351, -87, -942
-344, -73, -933
-338, -85, -931
-344, -122, -937
-354, -178, -943
-352, -240, -945
-339, -303, -940
-329, -375, -935
-313, -435, -932
-287, -478, -912
-275, -499, -891
-246, -520, -872
-226, -541, -871
-241, -561, -902
-241, -551, -942
-273, -577, -1000
-288, -572, -1033
-255, -468, -1039
-221, -338, -1062
-177, -243, -1052
-262, -88, -1038
-363, 129, -951
-248, 426, -823
-162, 658, -880
-165, 800, -1021
-204, 845, -1023
-284, 771, -945
-284, 771, -945
-327, 691, -866
-361, 578, -842
-398, 434, -851
-401, 316, -868
-419, 208, -872
-428, 96, -876
-443, 15, -900
-420, -3, -898
-420, -3, -898
-383, 18, -899
-381, 27, -919
-359, 29, -947
-346, 29, -982
-335, 23, -953
-338, 1, -916
-338, 1, -916
-360, -14, -917
-363, -28, -908
-342, -71, -942
-349, -115, -972
-362, -119, -966
-360, -87, -937
-350, -43, -899
-352, -30, -892
-344, -17, -917
-,-,-
-351, -21, -918
-326, -18, -944
-356, -20, -924
-361, -28, -928
-346, -21, -909
-347, -28, -909
-353, -35, -900
-353, -35, -900
-353, -43, -905
-346, -59, -913
-346, -84, -921
-343, -105, -935
-325, -128, -950
-321, -146, -961
-323, -162, -957
-312, -181, -948
-294, -210, -951
-288, -240, -949
-299, -270, -939
-293, -284, -922
-257, -317, -922
-261, -416, -965
-303, -533, -1001
-312, -591, -1003
-298, -606, -979
-276, -584, -968
-238, -508, -962
-180, -427, -955
-177, -361, -962
-180, -281, -980
-261, -251, -988
-235, -120, -997
-141, 143, -1020
-141, 143, -1020
-65, 425, -996
-14, 656, -1027
-116, 792, -1090
-155, 832, -999
-204, 762, -920
-278, 622, -929
-328, 554, -923
-355, 525, -869
-349, 491, -797
-336, 416, -783
-356, 306, -807
-356, 306, -807
-381, 194, -861
-353, 123, -866
-343, 66, -876
-343, 37, -912
-330, 7, -939
-324, -13, -973
-308, -9, -976
-319, -15, -972
-319, -15, -972
-326, -11, -969
-292, 11, -961
-314, 9, -956
-328, 0, -965
-315, -2, -974
-277, 0, -982
-,-,-
-313, -62, -956
-338, -51, -953
-338, -51, -953
-336, -55, -939
-325, -58, -923
-339, -70, -930
-338, -62, -919
-325, -52, -910
-320, -51, -913
-317, -65, -909
-329, -77, -920
-329, -59, -926
-324, -48, -935
-324, -48, -935
-311, -40, -942
-308, -48, -944
-321, -58, -941
-327, -59, -940
-339, -57, -952
-318, -58, -943
-325, -87, -939
-343, -121, -938
-323, -169, -947
-300, -284, -958
-286, -456, -953
-307, -612, -959
-364, -794, -959
-403, -936, -946
-339, -926, -907
-339, -926, -907
-207, -775, -871
-107, -617, -881
-77, -472, -939
-106, -333, -985
-104, -219, -990
-226, -145, -1016
-210, 49, -960
-111, 358, -982
-50, 574, -1058
-46, 658, -1134
-203, 635, -1176
-278, 643, -1036
-251, 624, -890
-276, 513, -857
-330, 389, -902
-335, 323, -920
-335, 323, -920
-321, 280, -882
-334, 217, -855
-317, 161, -848
-317, 121, -902
-287, 86, -959
-281, 31, -965
-302, -15, -957
-273, -26, -952
-,-,-
-386, -80, -935
-332, -73, -937
-356, -80, -949
-364, -81, -926
-377, -99, -929
-374, -116, -928
-366, -119, -922
-366, -119, -922
-367, -120, -902
-380, -121, -891
-372, -108, -893
-349, -107, -905
-357, -146, -917
-367, -195, -918
-353, -257, -929
-333, -360, -934
-327, -468, -943
-328, -518, -944
-327, -543, -922
-310, -574, -892
-300, -581, -873
-272, -532, -867
-230, -428, -863
-215, -330, -870
-258, -310, -903
-294, -351, -947
-330, -361, -1004
-327, -282, -1026
-298, -196, -996
-277, -169, -924
-289, -83, -889
-280, 137, -928
-308, 321, -994
-299, 492, -998
-299, 492, -998
-190, 715, -965
-151, 798, -922
-267, 698, -949
-338, 544, -983
-350, 405, -970
-386, 256, -928
-431, 124, -888
-446, 34, -873
-452, -28, -889
-429, -63, -920
-429, -63, -920
-418, -78, -939
-368, -55, -951
-356, -19, -952
-326, 16, -923
-340, 12, -918
-337, 12, -905
-347, -13, -915
-329, -11, -901
-329, -11, -901
-310, -16, -890
-322, -46, -911
-306, -58, -945
-343, -88, -979
-349, -93, -1010
-,-,-
-349, -53, -900
-323, -56, -883
-331, -90, -895
-341, -148, -919
-351, -217, -958
-341, -297, -968
-343, -350, -961
-343, -351, -952
-331, -341, -942
-299, -346, -941
-268, -356, -949
-258, -406, -956
-280, -445, -942
-290, -445, -942
-279, -413, -965
-259, -360, -990
-259, -360, -990
-218, -257, -1006
-209, -158, -1015
-288, -121, -991
-333, -62, -930
-304, 83, -892
-234, 249, -908
-176, 371, -983
-194, 458, -1028
-260, 481, -1036
-319, 441, -969
-306, 452, -900
-315, 460, -886
-302, 440, -907
-321, 388, -920
-380, 280, -894
-380, 280, -894
-407, 201, -858
-421, 139, -829
-397, 106, -835
-386, 74, -875
-351, 37, -909
-339, 5, -922
-356, -6, -915
-356, -6, -915
-374, -5, -898
-358, 1, -883
-356, 0, -919
-323, 33, -943
-317, 48, -954
-323, 57, -985
-323, 57, -985
-315, 71, -977
-329, 58, -972
-329, 61, -965
-312, 84, -953
-319, 81, -951
-322, 66, -927
-322, 66, -927
-333, 35, -921
-343, 15, -918
-365, 2, -914
-344, 0, -917
-327, -10, -930
-327, -10, -930
-326, -22, -937
-323, -16, -936
-329, -15, -945
-341, -28, -952
-332, -33, -938
-320, -28, -927
-339, -35, -932
-348, -25, -945
-,-,-
-321, -95, -933
-312, -113, -958
-342, -105, -946
-345, -98, -923
-350, -101, -918
-329, -112, -904
-326, -126, -925
-310, -123, -927
-314, -127, -931
-323, -142, -911
-339, -180, -896
-339, -180, -896
-333, -266, -911
-319, -373, -956
-304, -483, -985
-267, -603, -982
-259, -767, -969
-283, -904, -959
-248, -911, -916
-153, -805, -901
-68, -680, -890
-83, -515, -945
-67, -289, -1004
-118, -105, -1060
-139, 51, -1070
-160, 200, -1032
-168, 418, -997
-175, 624, -939
-160, 724, -894
-198, 727, -912
-233, 681, -958
-233, 681, -958
-251, 618, -960
-297, 480, -950
-364, 350, -929
-360, 290, -901
-325, 241, -929
-306, 178, -954
-300, 120, -961
-295, 73, -948
-321, 33, -929
-321, 33, -929
-333, 9, -909
-335, 5, -907
-289, 31, -906
-253, 51, -925
-290, 48, -958
-290, 48, -958
-298, 35, -954
-294, 18, -948
-290, -7, -946
-322, -28, -961
-335, -41, -980
-302, -30, -980
-274, -23, -971
